0 1.058240412145469
0.005050505050505051 0.8602956550627461
0.0101010101010101 0.9855320278126966
0.01515151515151515 0.9303157261009052
0.0202020202020202 0.9140503155257855
0.02525252525252526 0.8233821463159672
0.0303030303030303 0.902341377834265
0.03535353535353536 0.9353689243070109
0.04040404040404041 0.8383437226460485
0.04545454545454546 1.014032051772031
0.05050505050505051 0.8301428857331189
0.05555555555555556 0.9712301123951705
0.06060606060606061 0.6953784339775573
0.06565656565656566 0.6517529691815431
0.07070707070707072 0.7772436421204464
0.07575757575757576 0.7380056568816207
0.08080808080808081 0.8967883262965668
0.08585858585858587 0.5483602968286387
0.09090909090909091 0.7627515717174496
0.09595959595959597 0.7180721620769811
0.101010101010101 0.5554765979144501
0.1060606060606061 0.4418509819092104
0.1111111111111111 0.6934256898793931
0.1161616161616162 0.4940178036854773
0.1212121212121212 0.4132704952302938
0.1262626262626263 0.5861939135007506
0.1313131313131313 0.4437790379484826
0.1363636363636364 0.2980423464337452
0.1414141414141414 0.4339723772094944
0.1464646464646465 0.4589825304851398
0.1515151515151515 0.4668074839231698
0.1565656565656566 0.2696626382678137
0.1616161616161616 0.2186617345096471
0.1666666666666667 0.2140870740032317
0.1717171717171717 0.3416048533313067
0.1767676767676768 0.2288253752856566
0.1818181818181818 0.219875250515131
0.1868686868686869 0.214252194400555
0.1919191919191919 0.06912728756959485
0.196969696969697 0.1275751520662583
0.202020202020202 0.02327876954027318
0.2070707070707071 0.0231727071439235
0.2121212121212121 -0.02403997899760707
0.2171717171717172 0.03610002827547301
0.2222222222222222 0.2614679436338889
0.2272727272727273 -0.1173538270113068
0.2323232323232323 0.2414108196527958
0.2373737373737374 0.03622437267782175
0.2424242424242424 -0.04711834726926811
0.2474747474747475 -0.03148202978678146
0.2525252525252525 -0.01356996478239495
0.2575757575757576 -0.04811364286330252
0.2626262626262627 -0.1701197259660961
0.2676767676767677 0.07796550350041925
0.2727272727272728 -0.01728176839488286
0.2777777777777778 -0.08045780512728101
0.2828282828282829 0.06549040548299917
0.2878787878787879 0.07431565150726825
0.2929292929292929 0.1817649659746815
0.297979797979798 -0.0007648612881578642
0.303030303030303 -0.1373982262197909
0.3080808080808081 0.1821000157202879
0.3131313131313131 0.1686519865001415
0.3181818181818182 -0.05037205047246809
0.3232323232323233 0.214764051827413
0.3282828282828283 0.1875013401298191
0.3333333333333334 0.2470064317430548
0.3383838383838384 0.3638843378924994
0.3434343434343435 0.4025467242280075
0.3484848484848485 0.3926541329782005
0.3535353535353536 0.3765282694669428
0.3585858585858586 0.2917932610206957
0.3636363636363636 0.3743691966211368
0.3686868686868687 0.5333680898998285
0.3737373737373738 0.5025150649606371
0.3787878787878788 0.6063738637961993
0.3838383838383839 0.5846690597990662
0.3888888888888889 0.8237220389831948
0.393939393939394 0.8637813213979453
0.398989898989899 0.6800979865933342
0.4040404040404041 0.5300157723266604
0.4090909090909091 0.8394022099753071
0.4141414141414142 0.665457844923353
0.4191919191919192 0.7027824842139323
0.4242424242424243 0.7762839576810965
0.4292929292929293 0.679401098874605
0.4343434343434344 0.7717940385595061
0.4393939393939394 0.9354891918550985
0.4444444444444445 0.8436187198755722
0.4494949494949496 0.9624850915000398
0.4545454545454546 1.116413807716739
0.4595959595959596 0.9138600486205112
0.4646464646464647 0.9126160143108831
0.4696969696969697 0.927139515009507
0.4747474747474748 0.8704813530018065
0.4797979797979798 0.8937708344143301
0.4848484848484849 1.099384709587694
0.4898989898989899 0.9765271798683995
0.494949494949495 1.064896351178096
0.5 0.8452740739971309
