0 0.9127352422224452
0.01020408163265306 0.8523224003281045
0.02040816326530612 0.8639559661692574
0.03061224489795918 0.9617168686574623
0.04081632653061224 1.116727503421837
0.0510204081632653 0.9522787489967488
0.06122448979591837 0.7771813073668218
0.07142857142857142 0.8836567485834961
0.08163265306122448 0.8037383248481678
0.09183673469387754 0.5875144996656402
0.1020408163265306 0.7715299984993604
0.1122448979591837 0.5373430103535322
0.1224489795918367 0.3542609166965444
0.1326530612244898 0.4420127044926856
0.1428571428571428 0.3952648388946396
0.1530612244897959 0.4710658074505557
0.163265306122449 0.2504171842367032
0.173469387755102 0.2071486863642349
0.1836734693877551 0.2958090197353617
0.1938775510204082 -0.05526941724559417
0.2040816326530612 0.03855516503377598
0.2142857142857143 -0.08069781407809423
0.2244897959183673 0.06591106602855139
0.2346938775510204 -0.03285558817673218
0.2448979591836735 0.1015045878019213
0.2551020408163265 -0.127043402278456
0.2653061224489796 -0.1209460130405489
0.2755102040816326 -0.109882855146367
0.2857142857142857 0.08186024758644547
0.2959183673469388 0.08763653901720636
0.3061224489795918 0.03982150454422054
0.3163265306122449 0.3640361354318166
0.3265306122448979 0.1753788814994098
0.336734693877551 0.3869814974009082
0.3469387755102041 0.2086367302755023
0.3571428571428571 0.3397117273748931
0.3673469387755102 0.331395636463351
0.3775510204081632 0.4867660838842118
0.3877551020408163 0.6027461615267506
0.3979591836734693 0.6679680827645792
0.4081632653061224 0.5377709187605793
0.4183673469387755 0.8279490187509311
0.4285714285714285 0.7570701410184213
0.4387755102040816 0.9955735772456491
0.4489795918367346 0.8355226134763232
0.4591836734693877 0.7475218897770926
0.4693877551020408 0.7630015695597318
0.4795918367346939 1.055501322247057
0.4897959183673469 1.032880127176822
0.5 0.9600311201144289
