0 1.125259524322483
0.01724137931034483 1.043111629532693
0.03448275862068965 0.9241182271340975
0.05172413793103448 0.9662156878757695
0.06896551724137931 0.7223518610488818
0.08620689655172414 0.740340772191724
0.103448275862069 0.5817674316466377
0.1206896551724138 0.5449278865435276
0.1379310344827586 0.4250614789052332
0.1551724137931035 0.3339589775041543
0.1724137931034483 0.2025124393336841
0.1896551724137931 0.1470684736327362
0.2068965517241379 0.1776596008312001
0.2241379310344828 0.0224423170834652
0.2413793103448276 -0.04374729186629339
0.2586206896551724 0.07218523111138223
0.2758620689655172 0.1440729781172383
0.293103448275862 0.1077674359372804
0.3103448275862069 0.1659905615451498
0.3275862068965517 0.2590474530509518
0.3448275862068966 0.3354893895055547
0.3620689655172414 0.2925547934109181
0.3793103448275862 0.5696138354532695
0.396551724137931 0.580711086421095
0.4137931034482759 0.8033532193448181
0.4310344827586207 0.9508675079927187
0.4482758620689655 0.7880929792733522
0.4655172413793103 0.7600651950713863
0.4827586206896551 0.938361255157089
0.5 1.145283979937322
