0 1.057419991145663
0.03571428571428571 0.8943963998784136
0.07142857142857142 0.8498744595733999
0.1071428571428571 0.8236990243600054
0.1428571428571428 0.3505141736917156
0.1785714285714285 0.1161364218601618
0.2142857142857143 0.06813703062840219
0.25 0.0824531399438988
0.2857142857142857 0.01818568840598325
0.3214285714285714 0.145808079921596
0.3571428571428571 0.4702690623507571
0.3928571428571428 0.4875295702664572
0.4285714285714285 0.7076273934067149
0.4642857142857142 1.015559274987016
0.5 1.119843179204125
