0 1.1019
0.00010002 0.88781
0.00020004 0.87832
0.00030006 1.0913
0.00040008 0.98156
0.0005001 1.1122
0.00060012 0.82592
0.00070014 1.013
0.00080016 1.0262
0.00090018 1.177
0.0010002 0.87498
0.0011002 0.91327
0.0012002 1.0813
0.0013003 1.0288
0.0014003 1.0494
0.0015003 1.0997
0.0016003 1.0811
0.0017003 1.055
0.0018004 0.96925
0.0019004 1.0952
0.0020004 1.0986
0.0021004 0.92885
0.0022004 0.9024
0.0023005 1.0814
0.0024005 0.9045
0.0025005 0.73902
0.0026005 1.0299
0.0027005 0.82345
0.0028006 0.91421
0.0029006 1.0366
0.0030006 0.97287
0.0031006 1.1458
0.0032006 0.98676
0.0033007 0.99611
0.0034007 0.97054
0.0035007 1.0404
0.0036007 1.0197
0.0037007 0.99739
0.0038008 0.92492
0.0039008 0.95448
0.0040008 0.91814
0.0041008 1.1149
0.0042008 1.0288
0.0043009 1.113
0.0044009 1.0392
0.0045009 0.83699
0.0046009 1.0032
0.0047009 1.1316
0.004801 0.81828
0.004901 0.80593
0.005001 0.95792
0.005101 1.2121
0.005201 0.90142
0.0053011 0.96767
0.0054011 1.0378
0.0055011 1.0638
0.0056011 0.99092
0.0057011 0.96334
0.0058012 0.94231
0.0059012 1.0489
0.0060012 0.99646
0.0061012 0.86719
0.0062012 0.88677
0.0063013 0.99079
0.0064013 0.96432
0.0065013 1.0779
0.0066013 1.1675
0.0067013 0.92624
0.0068014 0.95272
0.0069014 0.86398
0.0070014 1.0797
0.0071014 0.99237
0.0072014 1.013
0.0073015 0.94755
0.0074015 0.9922
0.0075015 1.0354
0.0076015 0.98823
0.0077015 1.1576
0.0078016 1.0669
0.0079016 1.0043
0.0080016 1.0344
0.0081016 0.86697
0.0082016 1.065
0.0083017 0.88677
0.0084017 0.95025
0.0085017 1.0761
0.0086017 0.9998
0.0087017 0.93359
0.0088018 1.0993
0.0089018 0.91237
0.0090018 1.0805
0.0091018 1.1355
0.0092018 0.93862
0.0093019 1.1215
0.0094019 0.89014
0.0095019 0.95686
0.0096019 0.98278
0.0097019 0.979
0.009802 0.96676
0.009902 0.93655
0.010002 0.9348
0.010102 0.97377
0.010202 0.82203
0.010302 0.9838
0.010402 1.0191
0.010502 1.083
0.010602 1.029
0.010702 1.0047
0.010802 1.0831
0.010902 0.97722
0.011002 1.0719
0.011102 1.0814
0.011202 0.88373
0.011302 1.1398
0.011402 1.0283
0.011502 1.0174
0.011602 0.9787
0.011702 0.89366
0.011802 1.1978
0.011902 0.87144
0.012002 1.0284
0.012102 0.84771
0.012202 0.98515
0.012302 1.0104
0.012402 0.97623
0.012503 1.0117
0.012603 0.94891
0.012703 1.0823
0.012803 0.92361
0.012903 0.95317
0.013003 0.97148
0.013103 0.94254
0.013203 0.93992
0.013303 0.99606
0.013403 1.0095
0.013503 1.0092
0.013603 1.0454
0.013703 0.86824
0.013803 0.91072
0.013903 1.0444
0.014003 0.93875
0.014103 0.99989
0.014203 1.0079
0.014303 1.0856
0.014403 0.89599
0.014503 1.0915
0.014603 0.87457
0.014703 1.0529
0.014803 0.94986
0.014903 1.0075
0.015003 1.0441
0.015103 1.1463
0.015203 1.0337
0.015303 1.0383
0.015403 1.043
0.015503 1.1432
0.015603 0.98053
0.015703 1.1139
0.015803 1.0018
0.015903 1.063
0.016003 0.90807
0.016103 0.9714
0.016203 1.0362
0.016303 1.0818
0.016403 0.98994
0.016503 1.0174
0.016603 1.0141
0.016703 1.085
0.016803 0.90366
0.016903 1.1016
0.017003 1.1022
0.017103 0.90394
0.017203 0.98434
0.017303 1.1436
0.017403 1.1241
0.017504 1.1456
0.017604 0.99249
0.017704 1.0634
0.017804 1.0371
0.017904 0.96903
0.018004 1.0663
0.018104 1.0177
0.018204 1.1612
0.018304 1.0492
0.018404 0.8778
0.018504 0.97328
0.018604 0.98465
0.018704 1.0651
0.018804 0.81796
0.018904 0.98393
0.019004 1.1292
0.019104 1.18
0.019204 0.97266
0.019304 0.94989
0.019404 0.88532
0.019504 0.90748
0.019604 0.96882
0.019704 1.0459
0.019804 1.0039
0.019904 0.96963
0.020004 1.1533
0.020104 1.0253
0.020204 1.0242
0.020304 0.9557
0.020404 1.0565
0.020504 0.81499
0.020604 0.86211
0.020704 1.0592
0.020804 0.93365
0.020904 0.9364
0.021004 0.94805
0.021104 1.0138
0.021204 0.99103
0.021304 0.98572
0.021404 0.91963
0.021504 1.0947
0.021604 1.0745
0.021704 0.88918
0.021804 0.96836
0.021904 1.1338
0.022004 0.8866
0.022104 1.0043
0.022204 1.0877
0.022304 1.0618
0.022404 0.96278
0.022505 1.0866
0.022605 0.91705
0.022705 1.0547
0.022805 1.1044
0.022905 0.93547
0.023005 0.81973
0.023105 0.8763
0.023205 1.0719
0.023305 1.0275
0.023405 1.0084
0.023505 1.0561
0.023605 1.0401
0.023705 1.0196
0.023805 0.99777
0.023905 0.90568
0.024005 1.1262
0.024105 0.92279
0.024205 0.95495
0.024305 0.93302
0.024405 1.0676
0.024505 0.95422
0.024605 0.92984
0.024705 0.89193
0.024805 0.87532
0.024905 0.98152
0.025005 0.83414
0.025105 1.0117
0.025205 0.93619
0.025305 1.0926
0.025405 0.88976
0.025505 0.89282
0.025605 0.83182
0.025705 0.86094
0.025805 0.87927
0.025905 0.87898
0.026005 1.0594
0.026105 1.1322
0.026205 0.90688
0.026305 1.0254
0.026405 0.92554
0.026505 0.90496
0.026605 0.90717
0.026705 0.93711
0.026805 0.93508
0.026905 0.95256
0.027005 1.0244
0.027105 1.0563
0.027205 1.0029
0.027305 0.87852
0.027405 0.97258
0.027506 0.96339
0.027606 0.96121
0.027706 0.94571
0.027806 0.98987
0.027906 0.95259
0.028006 1.0017
0.028106 0.91
0.028206 1.0147
0.028306 0.85762
0.028406 0.995
0.028506 1.1874
0.028606 0.82647
0.028706 0.90509
0.028806 0.78064
0.028906 1.1315
0.029006 0.89903
0.029106 0.9861
0.029206 0.91464
0.029306 0.9036
0.029406 1.0606
0.029506 1.1223
0.029606 0.88823
0.029706 0.88849
0.029806 0.75565
0.029906 0.98257
0.030006 1.0332
0.030106 0.91795
0.030206 0.96024
0.030306 0.97191
0.030406 0.9517
0.030506 0.88543
0.030606 0.98872
0.030706 0.95585
0.030806 0.89665
0.030906 1.0284
0.031006 0.88754
0.031106 0.96055
0.031206 1.023
0.031306 1.16
0.031406 0.89275
0.031506 0.96329
0.031606 0.79504
0.031706 0.93393
0.031806 0.95596
0.031906 0.91907
0.032006 1.0577
0.032106 1.0816
0.032206 1.0191
0.032306 1.0079
0.032406 0.97805
0.032507 1.0108
0.032607 1.0595
0.032707 0.78676
0.032807 0.91871
0.032907 0.78291
0.033007 0.90184
0.033107 0.85469
0.033207 0.89853
0.033307 0.95525
0.033407 1.0671
0.033507 0.96743
0.033607 0.99816
0.033707 0.83359
0.033807 1.0726
0.033907 1.0304
0.034007 1.0922
0.034107 0.94099
0.034207 1.1148
0.034307 0.99483
0.034407 0.96416
0.034507 0.9204
0.034607 1.0859
0.034707 0.96051
0.034807 1.0882
0.034907 1.0651
0.035007 1.0022
0.035107 0.91851
0.035207 0.90892
0.035307 0.9786
0.035407 1.1121
0.035507 0.85017
0.035607 0.94208
0.035707 0.94467
0.035807 1.0653
0.035907 0.82738
0.036007 0.96643
0.036107 0.96881
0.036207 1.0178
0.036307 1.1067
0.036407 0.90518
0.036507 0.99268
0.036607 0.89382
0.036707 0.99748
0.036807 0.96762
0.036907 0.96793
0.037007 1.0419
0.037107 1.0643
0.037207 0.96079
0.037307 0.96175
0.037407 1.025
0.037508 1.0295
0.037608 0.94713
0.037708 0.92083
0.037808 1.0219
0.037908 0.98168
0.038008 0.92647
0.038108 0.90876
0.038208 0.75198
0.038308 0.9104
0.038408 0.84747
0.038508 0.9522
0.038608 1.1678
0.038708 0.92511
0.038808 0.93007
0.038908 1.1548
0.039008 0.84062
0.039108 0.81401
0.039208 0.89289
0.039308 0.80229
0.039408 0.8146
0.039508 0.95876
0.039608 0.94877
0.039708 0.99521
0.039808 1.1123
0.039908 0.80551
0.040008 0.92473
0.040108 0.9536
0.040208 1.0432
0.040308 0.90537
0.040408 1.0337
0.040508 0.8052
0.040608 1.1247
0.040708 0.92993
0.040808 1.1227
0.040908 0.89367
0.041008 0.9006
0.041108 0.9241
0.041208 0.95494
0.041308 0.86235
0.041408 0.76235
0.041508 0.77217
0.041608 0.95846
0.041708 1.0923
0.041808 0.81855
0.041908 0.71443
0.042008 0.81805
0.042108 1.0741
0.042208 1.0319
0.042308 1.0195
0.042408 0.73841
0.042509 0.88134
0.042609 1.0367
0.042709 1.0309
0.042809 0.86636
0.042909 1.026
0.043009 1.0073
0.043109 0.74411
0.043209 0.98334
0.043309 1.0576
0.043409 1.0352
0.043509 0.87317
0.043609 0.86964
0.043709 0.9328
0.043809 0.94291
0.043909 0.96755
0.044009 0.99654
0.044109 0.97606
0.044209 0.71651
0.044309 0.9023
0.044409 0.8928
0.044509 0.92586
0.044609 0.88554
0.044709 0.91815
0.044809 0.78476
0.044909 0.83772
0.045009 0.94805
0.045109 0.93879
0.045209 1.0993
0.045309 0.65705
0.045409 1.0176
0.045509 0.89557
0.045609 0.90068
0.045709 0.85676
0.045809 0.98859
0.045909 0.8788
0.046009 0.79201
0.046109 0.83638
0.046209 1.018
0.046309 0.70813
0.046409 0.73535
0.046509 0.9846
0.046609 0.74944
0.046709 0.85516
0.046809 0.92075
0.046909 1.0525
0.047009 1.0466
0.047109 0.82553
0.047209 1.0165
0.047309 1.024
0.047409 0.94742
0.04751 0.88706
0.04761 0.93809
0.04771 0.86974
0.04781 0.9011
0.04791 0.91058
0.04801 0.84281
0.04811 0.92305
0.04821 0.94177
0.04831 0.85565
0.04841 0.80424
0.04851 0.99031
0.04861 0.82758
0.04871 1.0212
0.04881 1.0224
0.04891 1.1214
0.04901 0.83686
0.04911 0.83286
0.04921 0.83008
0.04931 0.81165
0.04941 0.87416
0.04951 0.74263
0.04961 0.742
0.04971 0.83207
0.04981 0.89063
0.04991 0.86956
0.05001 0.74478
0.05011 1.0294
0.05021 0.92046
0.05031 0.9205
0.05041 1.0545
0.05051 0.88348
0.05061 1.0272
0.05071 0.97856
0.05081 1.0261
0.05091 1.0623
0.05101 1.0204
0.05111 0.84365
0.05121 0.77996
0.05131 0.82324
0.05141 0.89022
0.05151 0.99281
0.05161 0.87388
0.05171 0.90833
0.05181 0.79479
0.05191 0.94343
0.05201 0.93217
0.05211 1.088
0.05221 0.97959
0.05231 1.0268
0.05241 0.81759
0.052511 0.83753
0.052611 0.87985
0.052711 0.85997
0.052811 0.93736
0.052911 0.91464
0.053011 0.94455
0.053111 0.82083
0.053211 0.94106
0.053311 0.985
0.053411 0.96314
0.053511 0.90536
0.053611 0.96352
0.053711 0.87885
0.053811 0.89727
0.053911 0.88945
0.054011 0.88634
0.054111 0.9122
0.054211 0.75617
0.054311 0.93252
0.054411 0.68208
0.054511 0.84764
0.054611 0.93684
0.054711 0.77829
0.054811 0.83169
0.054911 0.88709
0.055011 1.0342
0.055111 0.99146
0.055211 0.95673
0.055311 0.91276
0.055411 0.96932
0.055511 0.85831
0.055611 0.96308
0.055711 0.85699
0.055811 0.88371
0.055911 0.883
0.056011 0.85506
0.056111 0.91184
0.056211 0.86079
0.056311 1.0543
0.056411 1.0211
0.056511 0.75812
0.056611 0.83445
0.056711 0.8902
0.056811 0.72248
0.056911 0.82931
0.057011 0.78847
0.057111 0.79999
0.057211 0.78415
0.057311 0.87914
0.057411 0.82119
0.057512 0.7485
0.057612 0.98051
0.057712 0.89413
0.057812 0.80191
0.057912 1.1011
0.058012 1.0043
0.058112 0.95436
0.058212 0.93571
0.058312 0.82242
0.058412 0.87717
0.058512 0.83917
0.058612 0.84298
0.058712 0.83788
0.058812 0.59244
0.058912 0.81386
0.059012 0.88321
0.059112 0.75591
0.059212 0.78489
0.059312 1.0235
0.059412 0.848
0.059512 1.049
0.059612 0.85479
0.059712 0.73175
0.059812 0.76827
0.059912 0.92754
0.060012 0.81104
0.060112 0.94432
0.060212 0.81786
0.060312 1.0269
0.060412 0.88388
0.060512 0.83204
0.060612 1.0092
0.060712 0.92441
0.060812 0.73328
0.060912 0.902
0.061012 0.77385
0.061112 0.82517
0.061212 0.87945
0.061312 0.98538
0.061412 0.7289
0.061512 0.9688
0.061612 0.85296
0.061712 0.97432
0.061812 0.84014
0.061912 0.83628
0.062012 0.81795
0.062112 0.88435
0.062212 0.84617
0.062312 0.99362
0.062412 0.8224
0.062513 0.7716
0.062613 0.88178
0.062713 0.77475
0.062813 0.94131
0.062913 0.82311
0.063013 0.73106
0.063113 0.72371
0.063213 0.87176
0.063313 0.93036
0.063413 0.83416
0.063513 0.94021
0.063613 0.9318
0.063713 0.69115
0.063813 0.8484
0.063913 0.87119
0.064013 0.7705
0.064113 0.90465
0.064213 0.89792
0.064313 1.115
0.064413 0.87734
0.064513 0.89554
0.064613 0.93028
0.064713 0.98717
0.064813 0.81654
0.064913 0.83111
0.065013 0.76447
0.065113 0.87687
0.065213 0.98963
0.065313 0.89016
0.065413 0.68775
0.065513 0.80758
0.065613 0.80015
0.065713 0.82858
0.065813 0.69838
0.065913 0.68288
0.066013 0.9465
0.066113 0.88219
0.066213 0.84996
0.066313 0.91105
0.066413 0.77107
0.066513 0.93678
0.066613 0.72899
0.066713 0.95638
0.066813 0.92192
0.066913 0.78408
0.067013 0.94263
0.067113 0.84482
0.067213 1.0522
0.067313 0.87755
0.067413 0.93475
0.067514 0.89908
0.067614 0.83079
0.067714 0.87123
0.067814 0.77053
0.067914 0.91075
0.068014 0.98503
0.068114 0.92624
0.068214 1.0654
0.068314 0.71852
0.068414 0.84901
0.068514 0.78108
0.068614 0.83712
0.068714 0.92142
0.068814 0.62894
0.068914 0.7917
0.069014 0.77758
0.069114 0.97115
0.069214 0.8668
0.069314 0.71654
0.069414 0.82839
0.069514 0.74424
0.069614 0.73414
0.069714 0.78138
0.069814 0.82804
0.069914 0.8644
0.070014 0.83936
0.070114 1.0574
0.070214 0.74051
0.070314 0.74025
0.070414 0.9783
0.070514 0.95725
0.070614 0.82075
0.070714 0.81389
0.070814 0.90748
0.070914 0.70902
0.071014 0.97327
0.071114 0.76186
0.071214 0.89623
0.071314 0.75559
0.071414 0.82454
0.071514 0.5556
0.071614 0.67081
0.071714 0.71347
0.071814 0.85637
0.071914 0.86203
0.072014 0.86878
0.072114 0.958
0.072214 0.6878
0.072314 0.67875
0.072414 0.70005
0.072515 0.83042
0.072615 0.85815
0.072715 0.91487
0.072815 0.78143
0.072915 0.71991
0.073015 0.84725
0.073115 0.90901
0.073215 0.79782
0.073315 0.77328
0.073415 0.67539
0.073515 0.75234
0.073615 0.83562
0.073715 0.7809
0.073815 0.7153
0.073915 0.82883
0.074015 0.73194
0.074115 0.98758
0.074215 0.78043
0.074315 0.86008
0.074415 0.67018
0.074515 0.94954
0.074615 0.68636
0.074715 0.82228
0.074815 0.99212
0.074915 0.84476
0.075015 0.81667
0.075115 0.82504
0.075215 0.84521
0.075315 0.79526
0.075415 0.84896
0.075515 1.0329
0.075615 0.88273
0.075715 0.96802
0.075815 0.53475
0.075915 0.85164
0.076015 0.85473
0.076115 0.63602
0.076215 0.72973
0.076315 0.83697
0.076415 0.77862
0.076515 0.82885
0.076615 0.74189
0.076715 0.73228
0.076815 0.8415
0.076915 0.75757
0.077015 0.85443
0.077115 0.82053
0.077215 0.687
0.077315 0.66748
0.077415 0.73552
0.077516 0.81134
0.077616 0.95719
0.077716 0.97145
0.077816 0.75036
0.077916 0.80207
0.078016 0.80634
0.078116 0.95997
0.078216 0.57916
0.078316 0.66972
0.078416 1.0087
0.078516 0.57937
0.078616 0.77768
0.078716 0.76898
0.078816 0.82695
0.078916 0.82404
0.079016 0.69967
0.079116 0.58346
0.079216 0.81891
0.079316 0.75679
0.079416 0.78691
0.079516 0.72169
0.079616 0.78406
0.079716 0.62487
0.079816 0.79266
0.079916 0.93018
0.080016 0.76327
0.080116 0.90349
0.080216 0.66905
0.080316 0.59729
0.080416 0.71619
0.080516 0.93666
0.080616 0.79512
0.080716 0.79765
0.080816 0.78992
0.080916 0.68892
0.081016 0.88758
0.081116 0.80269
0.081216 0.57371
0.081316 0.71467
0.081416 0.68721
0.081516 0.81363
0.081616 0.77398
0.081716 0.80994
0.081816 0.73858
0.081916 0.63752
0.082016 0.80044
0.082116 0.73865
0.082216 0.73016
0.082316 0.71283
0.082416 0.7496
0.082517 0.64861
0.082617 0.67877
0.082717 0.78107
0.082817 0.68432
0.082917 0.6933
0.083017 0.76329
0.083117 0.96172
0.083217 0.94541
0.083317 0.84275
0.083417 0.67962
0.083517 0.71249
0.083617 0.72221
0.083717 0.78279
0.083817 0.71802
0.083917 0.7004
0.084017 0.77115
0.084117 0.68195
0.084217 0.70819
0.084317 0.90005
0.084417 0.84547
0.084517 0.78955
0.084617 0.80284
0.084717 0.65784
0.084817 0.54668
0.084917 0.71683
0.085017 0.68195
0.085117 0.72641
0.085217 0.50762
0.085317 0.6669
0.085417 0.69405
0.085517 0.71636
0.085617 0.68133
0.085717 0.75311
0.085817 0.75126
0.085917 0.66936
0.086017 0.70994
0.086117 0.83411
0.086217 0.69956
0.086317 0.68685
0.086417 0.67879
0.086517 0.70244
0.086617 0.64651
0.086717 0.71062
0.086817 0.7874
0.086917 0.82064
0.087017 0.66032
0.087117 0.74368
0.087217 0.68825
0.087317 0.69274
0.087417 0.84979
0.087518 0.70096
0.087618 0.95592
0.087718 0.71823
0.087818 0.74469
0.087918 0.66866
0.088018 0.70819
0.088118 0.83694
0.088218 0.80625
0.088318 0.76753
0.088418 0.71932
0.088518 0.75805
0.088618 0.75306
0.088718 0.7415
0.088818 0.77879
0.088918 0.6352
0.089018 0.55856
0.089118 0.54592
0.089218 0.67324
0.089318 0.9358
0.089418 0.71318
0.089518 0.59273
0.089618 0.60056
0.089718 0.70691
0.089818 0.64948
0.089918 0.87628
0.090018 0.71995
0.090118 0.65022
0.090218 0.73651
0.090318 0.92236
0.090418 0.62431
0.090518 0.55425
0.090618 0.67819
0.090718 0.73573
0.090818 0.55982
0.090918 0.79308
0.091018 0.77374
0.091118 0.85279
0.091218 0.61188
0.091318 0.75462
0.091418 0.79893
0.091518 0.65652
0.091618 0.81911
0.091718 0.64138
0.091818 0.64668
0.091918 0.74821
0.092018 0.68445
0.092118 0.70248
0.092218 0.70997
0.092318 0.57014
0.092418 0.76712
0.092519 0.44417
0.092619 0.65005
0.092719 0.78438
0.092819 0.34938
0.092919 0.70993
0.093019 0.79215
0.093119 0.67209
0.093219 0.67175
0.093319 0.7654
0.093419 0.80102
0.093519 0.69586
0.093619 0.71712
0.093719 0.69408
0.093819 0.79289
0.093919 0.75324
0.094019 0.68751
0.094119 0.80056
0.094219 0.56084
0.094319 0.66965
0.094419 0.86671
0.094519 0.70511
0.094619 0.68585
0.094719 0.76039
0.094819 0.68672
0.094919 0.61139
0.095019 0.7453
0.095119 0.80076
0.095219 0.89322
0.095319 0.76597
0.095419 0.71641
0.095519 0.72735
0.095619 0.69635
0.095719 0.79239
0.095819 0.68463
0.095919 0.73003
0.096019 0.59062
0.096119 0.67507
0.096219 0.64785
0.096319 0.7213
0.096419 0.46248
0.096519 0.64926
0.096619 0.57603
0.096719 0.63351
0.096819 0.64555
0.096919 0.80225
0.097019 0.68305
0.097119 0.57747
0.097219 0.70918
0.097319 0.75332
0.097419 0.73537
0.09752 0.85159
0.09762 0.58102
0.09772 0.64004
0.09782 0.48894
0.09792 0.64604
0.09802 0.6375
0.09812 0.7113
0.09822 0.70516
0.09832 0.58825
0.09842 0.47659
0.09852 0.61414
0.09862 0.65817
0.09872 0.58565
0.09882 0.66683
0.09892 0.59622
0.09902 0.66179
0.09912 0.73472
0.09922 0.68784
0.09932 0.57915
0.09942 0.64089
0.09952 0.66636
0.09962 0.74964
0.09972 0.85113
0.09982 0.75396
0.09992 0.70756
0.10002 0.57544
0.10012 0.514
0.10022 0.69148
0.10032 0.53824
0.10042 0.62349
0.10052 0.70205
0.10062 0.63607
0.10072 0.63479
0.10082 0.77754
0.10092 0.68923
0.10102 0.68872
0.10112 0.62791
0.10122 0.72757
0.10132 0.57671
0.10142 0.6738
0.10152 0.70013
0.10162 0.65987
0.10172 0.54319
0.10182 0.67342
0.10192 0.50389
0.10202 0.56813
0.10212 0.61026
0.10222 0.81105
0.10232 0.59896
0.10242 0.76591
0.10252 0.54294
0.10262 0.62712
0.10272 0.54403
0.10282 0.6044
0.10292 0.67042
0.10302 0.51205
0.10312 0.82819
0.10322 0.6547
0.10332 0.60048
0.10342 0.52869
0.10352 0.74944
0.10362 0.63918
0.10372 0.7191
0.10382 0.52275
0.10392 0.54775
0.10402 0.80467
0.10412 0.63778
0.10422 0.6659
0.10432 0.4885
0.10442 0.5467
0.10452 0.52791
0.10462 0.52466
0.10472 0.72271
0.10482 0.75613
0.10492 0.70058
0.10502 0.43813
0.10512 0.48303
0.10522 0.55245
0.10532 0.65431
0.10542 0.65455
0.10552 0.75357
0.10562 0.59795
0.10572 0.61067
0.10582 0.49175
0.10592 0.66075
0.10602 0.56872
0.10612 0.61715
0.10622 0.5116
0.10632 0.60818
0.10642 0.61478
0.10652 0.52577
0.10662 0.60681
0.10672 0.6701
0.10682 0.64051
0.10692 0.73939
0.10702 0.65727
0.10712 0.65736
0.10722 0.68749
0.10732 0.51666
0.10742 0.49583
0.10752 0.52996
0.10762 0.59357
0.10772 0.60525
0.10782 0.62976
0.10792 0.58864
0.10802 0.56821
0.10812 0.53894
0.10822 0.73895
0.10832 0.79288
0.10842 0.58726
0.10852 0.59015
0.10862 0.68054
0.10872 0.49286
0.10882 0.4891
0.10892 0.64794
0.10902 0.50973
0.10912 0.6209
0.10922 0.71757
0.10932 0.53963
0.10942 0.74649
0.10952 0.5649
0.10962 0.62872
0.10972 0.67152
0.10982 0.5788
0.10992 0.59445
0.11002 0.51604
0.11012 0.64391
0.11022 0.67083
0.11032 0.5928
0.11042 0.61021
0.11052 0.7357
0.11062 0.55291
0.11072 0.43078
0.11082 0.58109
0.11092 0.5884
0.11102 0.55521
0.11112 0.69904
0.11122 0.54684
0.11132 0.68642
0.11142 0.34514
0.11152 0.69874
0.11162 0.65974
0.11172 0.49815
0.11182 0.50862
0.11192 0.64137
0.11202 0.55965
0.11212 0.5654
0.11222 0.53066
0.11232 0.65758
0.11242 0.52858
0.11252 0.63203
0.11262 0.65589
0.11272 0.56764
0.11282 0.48664
0.11292 0.51838
0.11302 0.60169
0.11312 0.31868
0.11322 0.44648
0.11332 0.65292
0.11342 0.61445
0.11352 0.68772
0.11362 0.56065
0.11372 0.57457
0.11382 0.60836
0.11392 0.70467
0.11402 0.60114
0.11412 0.6528
0.11422 0.52053
0.11432 0.4752
0.11442 0.62225
0.11452 0.54163
0.11462 0.49229
0.11472 0.72262
0.11482 0.46473
0.11492 0.58444
0.11502 0.55627
0.11512 0.56957
0.11522 0.67474
0.11532 0.65002
0.11542 0.47442
0.11552 0.46039
0.11562 0.53246
0.11572 0.63084
0.11582 0.61328
0.11592 0.61447
0.11602 0.43217
0.11612 0.65903
0.11622 0.55599
0.11632 0.53949
0.11642 0.62478
0.11652 0.52915
0.11662 0.5487
0.11672 0.52253
0.11682 0.58095
0.11692 0.66151
0.11702 0.3798
0.11712 0.60549
0.11722 0.49426
0.11732 0.46742
0.11742 0.47172
0.11752 0.52755
0.11762 0.59967
0.11772 0.58483
0.11782 0.57396
0.11792 0.63638
0.11802 0.53834
0.11812 0.42838
0.11822 0.48603
0.11832 0.577
0.11842 0.55445
0.11852 0.60259
0.11862 0.46056
0.11872 0.53203
0.11882 0.52112
0.11892 0.60532
0.11902 0.53401
0.11912 0.59319
0.11922 0.57293
0.11932 0.60504
0.11942 0.39998
0.11952 0.60939
0.11962 0.6302
0.11972 0.36137
0.11982 0.55887
0.11992 0.70887
0.12002 0.47267
0.12012 0.56598
0.12022 0.61413
0.12032 0.64067
0.12042 0.64198
0.12052 0.38838
0.12062 0.57382
0.12072 0.68897
0.12082 0.52426
0.12092 0.48454
0.12102 0.52764
0.12112 0.62057
0.12122 0.44705
0.12132 0.43324
0.12142 0.37472
0.12152 0.43427
0.12162 0.3431
0.12172 0.64389
0.12182 0.45195
0.12192 0.53634
0.12202 0.57536
0.12212 0.41878
0.12222 0.45664
0.12232 0.66674
0.12242 0.60036
0.12252 0.65568
0.12262 0.58578
0.12272 0.62883
0.12282 0.46651
0.12292 0.41803
0.12302 0.52296
0.12312 0.46234
0.12322 0.58004
0.12332 0.48717
0.12342 0.71141
0.12352 0.50991
0.12362 0.6674
0.12372 0.54335
0.12382 0.50877
0.12392 0.40301
0.12402 0.65891
0.12412 0.47631
0.12422 0.66434
0.12432 0.68219
0.12442 0.50007
0.12452 0.46718
0.12462 0.49722
0.12472 0.49682
0.12482 0.51251
0.12492 0.56654
0.12503 0.72953
0.12513 0.35906
0.12523 0.42982
0.12533 0.57997
0.12543 0.40977
0.12553 0.50841
0.12563 0.48609
0.12573 0.44492
0.12583 0.4583
0.12593 0.64412
0.12603 0.5628
0.12613 0.31709
0.12623 0.18689
0.12633 0.52199
0.12643 0.33798
0.12653 0.70689
0.12663 0.50314
0.12673 0.41584
0.12683 0.57792
0.12693 0.50773
0.12703 0.50153
0.12713 0.51211
0.12723 0.52134
0.12733 0.36096
0.12743 0.51107
0.12753 0.6019
0.12763 0.62539
0.12773 0.54148
0.12783 0.487
0.12793 0.36365
0.12803 0.52164
0.12813 0.44526
0.12823 0.50919
0.12833 0.56914
0.12843 0.50961
0.12853 0.38919
0.12863 0.46114
0.12873 0.49061
0.12883 0.50171
0.12893 0.25479
0.12903 0.35526
0.12913 0.51111
0.12923 0.46709
0.12933 0.41554
0.12943 0.53795
0.12953 0.42555
0.12963 0.47608
0.12973 0.5108
0.12983 0.34996
0.12993 0.47493
0.13003 0.42493
0.13013 0.276
0.13023 0.56426
0.13033 0.46843
0.13043 0.55279
0.13053 0.64532
0.13063 0.56709
0.13073 0.58791
0.13083 0.50002
0.13093 0.4482
0.13103 0.51176
0.13113 0.50043
0.13123 0.41854
0.13133 0.51436
0.13143 0.48123
0.13153 0.59318
0.13163 0.34886
0.13173 0.54093
0.13183 0.38257
0.13193 0.48633
0.13203 0.47981
0.13213 0.49188
0.13223 0.44673
0.13233 0.40805
0.13243 0.5136
0.13253 0.33373
0.13263 0.36362
0.13273 0.38065
0.13283 0.34707
0.13293 0.45861
0.13303 0.3995
0.13313 0.45655
0.13323 0.43531
0.13333 0.37136
0.13343 0.34854
0.13353 0.44891
0.13363 0.53431
0.13373 0.46648
0.13383 0.60246
0.13393 0.48901
0.13403 0.52804
0.13413 0.43321
0.13423 0.58352
0.13433 0.62314
0.13443 0.43834
0.13453 0.34378
0.13463 0.559
0.13473 0.44619
0.13483 0.4606
0.13493 0.47907
0.13503 0.56809
0.13513 0.47853
0.13523 0.48788
0.13533 0.27639
0.13543 0.34502
0.13553 0.42737
0.13563 0.39751
0.13573 0.3766
0.13583 0.35824
0.13593 0.34882
0.13603 0.27873
0.13613 0.46515
0.13623 0.36266
0.13633 0.5079
0.13643 0.37037
0.13653 0.4914
0.13663 0.54324
0.13673 0.35175
0.13683 0.45156
0.13693 0.404
0.13703 0.37841
0.13713 0.50417
0.13723 0.5256
0.13733 0.27716
0.13743 0.42136
0.13753 0.43685
0.13763 0.43281
0.13773 0.4305
0.13783 0.38912
0.13793 0.39948
0.13803 0.59965
0.13813 0.41933
0.13823 0.63344
0.13833 0.35721
0.13843 0.43059
0.13853 0.4304
0.13863 0.27023
0.13873 0.37014
0.13883 0.41319
0.13893 0.45626
0.13903 0.35921
0.13913 0.50841
0.13923 0.36079
0.13933 0.46971
0.13943 0.32759
0.13953 0.47501
0.13963 0.22516
0.13973 0.34871
0.13983 0.28349
0.13993 0.27031
0.14003 0.49528
0.14013 0.3895
0.14023 0.32838
0.14033 0.4408
0.14043 0.48068
0.14053 0.23524
0.14063 0.21667
0.14073 0.40279
0.14083 0.44716
0.14093 0.33057
0.14103 0.37793
0.14113 0.36494
0.14123 0.27277
0.14133 0.27584
0.14143 0.41588
0.14153 0.43169
0.14163 0.4698
0.14173 0.36972
0.14183 0.58066
0.14193 0.37622
0.14203 0.46471
0.14213 0.33625
0.14223 0.38574
0.14233 0.13154
0.14243 0.50814
0.14253 0.51299
0.14263 0.53532
0.14273 0.25664
0.14283 0.36268
0.14293 0.30641
0.14303 0.38338
0.14313 0.52641
0.14323 0.40548
0.14333 0.38251
0.14343 0.38983
0.14353 0.45082
0.14363 0.2623
0.14373 0.4562
0.14383 0.41831
0.14393 0.34949
0.14403 0.40254
0.14413 0.3784
0.14423 0.3492
0.14433 0.22749
0.14443 0.40571
0.14453 0.41028
0.14463 0.30855
0.14473 0.47657
0.14483 0.34738
0.14493 0.48334
0.14503 0.28495
0.14513 0.34658
0.14523 0.43459
0.14533 0.47248
0.14543 0.4088
0.14553 0.19528
0.14563 0.2815
0.14573 0.44732
0.14583 0.38801
0.14593 0.37194
0.14603 0.45531
0.14613 0.35508
0.14623 0.39763
0.14633 0.29957
0.14643 0.47067
0.14653 0.2348
0.14663 0.17522
0.14673 0.32897
0.14683 0.36141
0.14693 0.2253
0.14703 0.42586
0.14713 0.45462
0.14723 0.36508
0.14733 0.47041
0.14743 0.11695
0.14753 0.20086
0.14763 0.53011
0.14773 0.28571
0.14783 0.29598
0.14793 0.56751
0.14803 0.30437
0.14813 0.27649
0.14823 0.35671
0.14833 0.3817
0.14843 0.29347
0.14853 0.53987
0.14863 0.25619
0.14873 0.13705
0.14883 0.39969
0.14893 0.2706
0.14903 0.4032
0.14913 0.33102
0.14923 0.32887
0.14933 0.30056
0.14943 0.504
0.14953 0.24371
0.14963 0.38297
0.14973 0.5406
0.14983 0.39283
0.14993 0.30319
0.15003 0.39127
0.15013 0.17837
0.15023 0.32763
0.15033 0.23271
0.15043 0.16559
0.15053 0.16611
0.15063 0.35039
0.15073 0.30757
0.15083 0.27224
0.15093 0.38673
0.15103 0.38623
0.15113 0.41129
0.15123 0.33275
0.15133 0.2389
0.15143 0.12503
0.15153 0.25536
0.15163 0.2394
0.15173 0.24856
0.15183 0.27498
0.15193 0.3178
0.15203 0.47775
0.15213 0.30611
0.15223 0.24879
0.15233 0.40271
0.15243 0.27188
0.15253 0.42464
0.15263 0.46559
0.15273 0.34918
0.15283 0.25193
0.15293 0.44599
0.15303 0.2294
0.15313 0.44023
0.15323 0.23621
0.15333 0.078453
0.15343 0.29032
0.15353 0.39366
0.15363 0.30087
0.15373 0.30535
0.15383 0.29456
0.15393 0.36212
0.15403 0.32155
0.15413 0.3164
0.15423 0.36789
0.15433 0.35468
0.15443 0.35908
0.15453 0.22351
0.15463 0.40727
0.15473 0.43575
0.15483 0.44932
0.15493 0.1976
0.15503 0.21996
0.15513 0.33023
0.15523 0.31788
0.15533 0.33333
0.15543 0.47463
0.15553 0.097045
0.15563 0.35223
0.15573 0.44351
0.15583 0.41114
0.15593 0.26813
0.15603 0.41215
0.15613 0.21599
0.15623 0.25112
0.15633 0.33415
0.15643 0.11755
0.15653 0.3902
0.15663 0.22495
0.15673 0.3219
0.15683 0.32527
0.15693 0.37578
0.15703 0.34148
0.15713 0.26819
0.15723 0.23838
0.15733 0.37551
0.15743 0.28787
0.15753 0.34525
0.15763 0.31309
0.15773 0.20491
0.15783 0.38118
0.15793 0.32113
0.15803 0.36408
0.15813 0.3834
0.15823 0.19925
0.15833 0.323
0.15843 0.11582
0.15853 0.37857
0.15863 0.3659
0.15873 0.21589
0.15883 0.23777
0.15893 0.25873
0.15903 0.50843
0.15913 0.40105
0.15923 0.48312
0.15933 0.30623
0.15943 0.39314
0.15953 0.21249
0.15963 0.14172
0.15973 0.3442
0.15983 0.1977
0.15993 0.17181
0.16003 0.35878
0.16013 -0.038212
0.16023 0.21433
0.16033 0.1962
0.16043 0.2697
0.16053 0.37917
0.16063 0.21841
0.16073 0.2806
0.16083 0.31094
0.16093 0.14423
0.16103 0.28932
0.16113 0.28104
0.16123 0.33601
0.16133 0.22782
0.16143 0.21596
0.16153 0.26205
0.16163 0.26835
0.16173 0.34572
0.16183 0.27533
0.16193 0.098624
0.16203 0.33025
0.16213 0.20143
0.16223 0.24959
0.16233 0.28621
0.16243 0.32492
0.16253 0.21398
0.16263 0.28717
0.16273 0.3986
0.16283 0.27339
0.16293 0.33485
0.16303 0.23208
0.16313 0.32592
0.16323 0.2819
0.16333 0.33574
0.16343 0.24812
0.16353 0.50963
0.16363 0.32649
0.16373 0.34502
0.16383 0.25695
0.16393 0.29828
0.16403 0.36422
0.16413 0.32925
0.16423 0.20401
0.16433 0.36324
0.16443 0.36173
0.16453 0.2906
0.16463 0.2556
0.16473 0.2424
0.16483 0.037402
0.16493 0.27132
0.16503 0.24176
0.16513 0.29895
0.16523 0.39169
0.16533 0.33074
0.16543 0.31775
0.16553 0.24974
0.16563 0.12905
0.16573 0.26496
0.16583 0.34714
0.16593 0.21505
0.16603 0.092356
0.16613 0.28752
0.16623 0.30227
0.16633 0.15056
0.16643 0.27859
0.16653 0.37485
0.16663 0.3282
0.16673 0.15881
0.16683 0.43992
0.16693 0.080058
0.16703 0.10278
0.16713 0.27514
0.16723 0.32369
0.16733 0.19806
0.16743 0.32155
0.16753 0.23711
0.16763 0.34013
0.16773 0.23565
0.16783 0.38328
0.16793 0.3057
0.16803 0.1343
0.16813 0.18886
0.16823 0.23312
0.16833 0.24861
0.16843 0.17718
0.16853 0.23486
0.16863 0.12382
0.16873 0.18326
0.16883 0.00091341
0.16893 0.35588
0.16903 0.18022
0.16913 0.32762
0.16923 0.28073
0.16933 0.21171
0.16943 0.1319
0.16953 0.3
0.16963 0.17989
0.16973 0.11054
0.16983 0.15362
0.16993 0.20984
0.17003 0.23564
0.17013 0.0083434
0.17023 0.16125
0.17033 0.25852
0.17043 0.17654
0.17053 0.21114
0.17063 0.07668
0.17073 0.30821
0.17083 0.094709
0.17093 0.26481
0.17103 0.20597
0.17113 0.32569
0.17123 0.18298
0.17133 0.2775
0.17143 0.35218
0.17153 0.33987
0.17163 0.18659
0.17173 0.13483
0.17183 0.096488
0.17193 0.21771
0.17203 0.093521
0.17213 0.25974
0.17223 0.34038
0.17233 0.22795
0.17243 0.22524
0.17253 0.17935
0.17263 0.21673
0.17273 0.13277
0.17283 0.19857
0.17293 0.24375
0.17303 0.28338
0.17313 0.28248
0.17323 0.30631
0.17333 0.25994
0.17343 0.11532
0.17353 0.12624
0.17363 0.12032
0.17373 0.21698
0.17383 0.30132
0.17393 0.082048
0.17403 0.19558
0.17413 0.33107
0.17423 0.16185
0.17433 0.41056
0.17443 0.12459
0.17453 -0.0040502
0.17463 0.12261
0.17473 0.19003
0.17483 0.2357
0.17493 0.14314
0.17504 0.50076
0.17514 0.22204
0.17524 0.25499
0.17534 0.29281
0.17544 0.13777
0.17554 0.34558
0.17564 0.17554
0.17574 0.3363
0.17584 0.057547
0.17594 0.20481
0.17604 0.20207
0.17614 0.063246
0.17624 0.22903
0.17634 0.23488
0.17644 0.11535
0.17654 0.092704
0.17664 0.2023
0.17674 0.14034
0.17684 0.29986
0.17694 0.36366
0.17704 0.39685
0.17714 0.24849
0.17724 0.20589
0.17734 0.35283
0.17744 0.12192
0.17754 0.27223
0.17764 0.19245
0.17774 0.34744
0.17784 0.22342
0.17794 0.19232
0.17804 0.2651
0.17814 0.26351
0.17824 0.23108
0.17834 0.048092
0.17844 -0.008499
0.17854 -0.011905
0.17864 0.11043
0.17874 0.17111
0.17884 0.066687
0.17894 0.16869
0.17904 0.17577
0.17914 0.10811
0.17924 0.12884
0.17934 0.036701
0.17944 0.04955
0.17954 0.13135
0.17964 0.23051
0.17974 0.21959
0.17984 0.3155
0.17994 0.046899
0.18004 0.031635
0.18014 0.26402
0.18024 0.15961
0.18034 0.37952
0.18044 0.19543
0.18054 0.20741
0.18064 0.069376
0.18074 0.40654
0.18084 0.20713
0.18094 0.22997
0.18104 0.26583
0.18114 0.33309
0.18124 0.1661
0.18134 0.35043
0.18144 0.15805
0.18154 0.17662
0.18164 0.17476
0.18174 0.30112
0.18184 0.26999
0.18194 0.10603
0.18204 0.052389
0.18214 0.18074
0.18224 0.19701
0.18234 0.29789
0.18244 0.15314
0.18254 0.12155
0.18264 0.038488
0.18274 0.15269
0.18284 0.21609
0.18294 0.073116
0.18304 0.18275
0.18314 0.13683
0.18324 0.1527
0.18334 0.14823
0.18344 -0.037276
0.18354 0.046851
0.18364 0.15303
0.18374 0.063821
0.18384 0.19599
0.18394 0.31707
0.18404 0.33145
0.18414 0.3114
0.18424 0.073454
0.18434 0.33253
0.18444 0.28003
0.18454 0.13135
0.18464 0.2634
0.18474 0.2281
0.18484 0.26264
0.18494 0.24614
0.18504 0.11222
0.18514 0.22102
0.18524 0.15537
0.18534 0.13928
0.18544 0.12755
0.18554 0.086015
0.18564 0.1226
0.18574 0.076576
0.18584 0.2564
0.18594 0.1917
0.18604 0.2183
0.18614 0.15345
0.18624 0.18279
0.18634 0.18656
0.18644 0.21443
0.18654 0.15627
0.18664 0.0020439
0.18674 0.11369
0.18684 0.042863
0.18694 0.21276
0.18704 0.023218
0.18714 0.11918
0.18724 0.09057
0.18734 0.1336
0.18744 0.16982
0.18754 0.15742
0.18764 0.19526
0.18774 0.15908
0.18784 0.11576
0.18794 0.2236
0.18804 0.17331
0.18814 0.26963
0.18824 0.0046422
0.18834 0.20519
0.18844 0.14573
0.18854 0.15712
0.18864 0.087256
0.18874 0.14806
0.18884 0.19312
0.18894 0.022703
0.18904 0.0099237
0.18914 0.12726
0.18924 0.045471
0.18934 0.34925
0.18944 0.19722
0.18954 0.15696
0.18964 0.17734
0.18974 0.20054
0.18984 0.19524
0.18994 0.12487
0.19004 0.22482
0.19014 0.18086
0.19024 0.10081
0.19034 0.046242
0.19044 0.050303
0.19054 0.14502
0.19064 0.22034
0.19074 0.10552
0.19084 0.089904
0.19094 0.25058
0.19104 0.0011242
0.19114 0.17809
0.19124 0.13681
0.19134 0.14764
0.19144 0.28841
0.19154 0.17798
0.19164 -0.13875
0.19174 0.014001
0.19184 0.1436
0.19194 0.24339
0.19204 0.15361
0.19214 0.14842
0.19224 0.075024
0.19234 0.14979
0.19244 0.15668
0.19254 0.041357
0.19264 0.14486
0.19274 0.28084
0.19284 0.0070265
0.19294 0.13516
0.19304 0.011396
0.19314 0.21875
0.19324 0.1535
0.19334 -0.0051308
0.19344 0.25726
0.19354 0.15168
0.19364 0.1852
0.19374 0.024739
0.19384 0.036547
0.19394 -0.11317
0.19404 0.12831
0.19414 0.18277
0.19424 0.20242
0.19434 0.17836
0.19444 0.33168
0.19454 0.13279
0.19464 0.19629
0.19474 0.11571
0.19484 0.06335
0.19494 0.1145
0.19504 0.18317
0.19514 0.08324
0.19524 0.11578
0.19534 0.059997
0.19544 0.10292
0.19554 0.097455
0.19564 0.071624
0.19574 0.16963
0.19584 -0.25983
0.19594 0.16278
0.19604 0.12972
0.19614 0.14066
0.19624 0.16025
0.19634 0.13445
0.19644 0.098494
0.19654 0.054048
0.19664 0.095694
0.19674 0.16652
0.19684 0.32437
0.19694 0.23379
0.19704 -0.019058
0.19714 0.20344
0.19724 0.19191
0.19734 0.16677
0.19744 0.14504
0.19754 0.17713
0.19764 -0.043191
0.19774 0.034802
0.19784 0.065233
0.19794 0.18562
0.19804 0.282
0.19814 0.1142
0.19824 0.047526
0.19834 0.1428
0.19844 0.058404
0.19854 -0.029251
0.19864 -0.015989
0.19874 0.035183
0.19884 0.00034865
0.19894 0.071754
0.19904 0.017497
0.19914 0.09038
0.19924 0.20559
0.19934 0.29075
0.19944 0.11091
0.19954 0.1455
0.19964 0.021211
0.19974 0.11721
0.19984 0.070608
0.19994 0.19143
0.20004 0.0014906
0.20014 0.30088
0.20024 -0.072111
0.20034 0.021134
0.20044 0.034875
0.20054 0.28854
0.20064 0.1821
0.20074 0.19258
0.20084 0.20718
0.20094 -0.06115
0.20104 0.091699
0.20114 0.19115
0.20124 0.047822
0.20134 0.22298
0.20144 0.14021
0.20154 -0.05104
0.20164 0.16528
0.20174 -0.072304
0.20184 0.16496
0.20194 0.21461
0.20204 0.0031953
0.20214 0.058913
0.20224 0.1
0.20234 0.0562
0.20244 0.10971
0.20254 0.12557
0.20264 -0.087309
0.20274 -0.12857
0.20284 0.14541
0.20294 0.073275
0.20304 -0.06283
0.20314 0.10048
0.20324 -0.051962
0.20334 -0.016498
0.20344 0.13504
0.20354 0.18128
0.20364 0.038298
0.20374 0.24124
0.20384 0.07258
0.20394 0.10312
0.20404 0.017013
0.20414 0.23089
0.20424 -0.047693
0.20434 0.11097
0.20444 0.11472
0.20454 -0.037497
0.20464 -0.054944
0.20474 0.039164
0.20484 0.13681
0.20494 0.11071
0.20504 0.13682
0.20514 0.22192
0.20524 0.10416
0.20534 0.076701
0.20544 0.11879
0.20554 0.077266
0.20564 0.17012
0.20574 0.025902
0.20584 0.025225
0.20594 0.079095
0.20604 0.041228
0.20614 0.069402
0.20624 -0.011786
0.20634 0.15975
0.20644 0.13542
0.20654 0.089098
0.20664 0.089493
0.20674 -0.059948
0.20684 0.052495
0.20694 -0.084359
0.20704 0.065755
0.20714 -0.049739
0.20724 0.17037
0.20734 0.047488
0.20744 0.073035
0.20754 0.038447
0.20764 -0.08529
0.20774 -0.17603
0.20784 0.2022
0.20794 0.008095
0.20804 0.093088
0.20814 0.095114
0.20824 0.027128
0.20834 0.16333
0.20844 0.067668
0.20854 0.153
0.20864 0.090813
0.20874 -0.10836
0.20884 0.13489
0.20894 -0.044209
0.20904 0.025468
0.20914 0.12833
0.20924 0.15825
0.20934 0.042718
0.20944 0.069989
0.20954 0.1922
0.20964 0.11041
0.20974 0.051286
0.20984 0.020053
0.20994 0.14842
0.21004 0.15148
0.21014 -0.0032291
0.21024 -0.057411
0.21034 -0.011111
0.21044 0.063398
0.21054 0.089199
0.21064 -0.1124
0.21074 -0.074434
0.21084 -0.03079
0.21094 0.047827
0.21104 0.074319
0.21114 -0.011433
0.21124 0.15286
0.21134 0.097327
0.21144 0.070908
0.21154 0.17951
0.21164 -0.02939
0.21174 0.013778
0.21184 0.077105
0.21194 0.051321
0.21204 0.044761
0.21214 0.13706
0.21224 0.035157
0.21234 0.12305
0.21244 0.12772
0.21254 0.025511
0.21264 -0.027346
0.21274 0.16551
0.21284 0.034211
0.21294 0.18279
0.21304 0.070355
0.21314 0.077744
0.21324 0.15098
0.21334 0.044825
0.21344 0.13808
0.21354 0.15343
0.21364 0.025497
0.21374 0.037038
0.21384 0.11212
0.21394 0.1554
0.21404 0.13032
0.21414 -0.017436
0.21424 0.087498
0.21434 0.06919
0.21444 0.082152
0.21454 -0.027163
0.21464 0.13214
0.21474 0.10637
0.21484 -0.1013
0.21494 -0.089335
0.21504 0.080757
0.21514 -0.0048136
0.21524 0.14285
0.21534 0.016605
0.21544 0.10634
0.21554 -0.038805
0.21564 0.14124
0.21574 0.048854
0.21584 0.00085947
0.21594 0.093305
0.21604 -0.045094
0.21614 0.091308
0.21624 0.092028
0.21634 0.11695
0.21644 0.033168
0.21654 0.04529
0.21664 0.11112
0.21674 -0.061656
0.21684 0.12356
0.21694 0.18783
0.21704 0.070285
0.21714 -0.0044161
0.21724 0.060057
0.21734 0.15961
0.21744 0.13644
0.21754 -0.078872
0.21764 0.098429
0.21774 0.045721
0.21784 0.10992
0.21794 0.22058
0.21804 0.035965
0.21814 -0.056204
0.21824 -0.050447
0.21834 0.0049292
0.21844 -0.055423
0.21854 0.052758
0.21864 -0.06112
0.21874 0.13111
0.21884 0.17828
0.21894 0.084333
0.21904 0.10743
0.21914 -0.05569
0.21924 0.099531
0.21934 0.060087
0.21944 0.062064
0.21954 0.033342
0.21964 0.088639
0.21974 0.14824
0.21984 -0.043086
0.21994 0.14486
0.22004 0.11368
0.22014 0.022133
0.22024 0.068405
0.22034 0.18096
0.22044 0.016252
0.22054 -0.0060202
0.22064 0.13
0.22074 0.093055
0.22084 -0.0056358
0.22094 -0.048269
0.22104 -0.0079448
0.22114 0.10914
0.22124 0.11426
0.22134 -0.053933
0.22144 0.14504
0.22154 0.099817
0.22164 -0.024045
0.22174 -0.019088
0.22184 -0.050231
0.22194 0.15515
0.22204 -0.10406
0.22214 -0.017808
0.22224 -0.082008
0.22234 0.11787
0.22244 -0.017335
0.22254 -0.048531
0.22264 -0.067472
0.22274 -0.07035
0.22284 0.14186
0.22294 0.083452
0.22304 0.13571
0.22314 0.049077
0.22324 0.18839
0.22334 0.21305
0.22344 0.0052648
0.22354 0.16969
0.22364 -0.015865
0.22374 0.033881
0.22384 0.035317
0.22394 0.12204
0.22404 0.15463
0.22414 0.070081
0.22424 -0.013516
0.22434 0.1075
0.22444 0.10943
0.22454 -0.021386
0.22464 0.043642
0.22474 0.17769
0.22484 0.14247
0.22494 0.087959
0.22505 -0.078084
0.22515 0.085393
0.22525 -0.025906
0.22535 0.040836
0.22545 -0.031643
0.22555 0.076282
0.22565 0.092378
0.22575 0.0052179
0.22585 0.0011689
0.22595 -0.03302
0.22605 -0.044765
0.22615 -0.083635
0.22625 -0.012581
0.22635 0.013426
0.22645 -0.1635
0.22655 0.056114
0.22665 0.054296
0.22675 0.022237
0.22685 -0.1136
0.22695 0.080323
0.22705 0.083366
0.22715 0.092185
0.22725 -0.0029872
0.22735 0.018341
0.22745 -0.10602
0.22755 0.0091325
0.22765 0.06645
0.22775 -0.011419
0.22785 0.094826
0.22795 -0.020739
0.22805 0.088522
0.22815 0.057406
0.22825 -0.031612
0.22835 -0.17292
0.22845 0.10497
0.22855 -0.077021
0.22865 0.17959
0.22875 0.014101
0.22885 0.0056281
0.22895 0.1294
0.22905 -0.10868
0.22915 0.039806
0.22925 -0.054558
0.22935 -0.0023977
0.22945 0.050697
0.22955 -0.007756
0.22965 -0.055853
0.22975 0.18872
0.22985 -0.076622
0.22995 0.065964
0.23005 0.086672
0.23015 -0.060228
0.23025 0.0082666
0.23035 0.16606
0.23045 0.048665
0.23055 -0.11079
0.23065 0.019935
0.23075 0.089424
0.23085 0.08276
0.23095 -0.0098358
0.23105 0.09193
0.23115 0.09538
0.23125 -0.065592
0.23135 0.10837
0.23145 0.0017901
0.23155 -0.034812
0.23165 -0.047349
0.23175 0.020275
0.23185 0.12914
0.23195 -0.076508
0.23205 0.082636
0.23215 0.1155
0.23225 0.14908
0.23235 -0.15616
0.23245 0.094314
0.23255 0.014866
0.23265 0.11457
0.23275 0.032467
0.23285 0.06938
0.23295 0.016609
0.23305 -0.070243
0.23315 0.13021
0.23325 0.090202
0.23335 -0.025696
0.23345 -0.086795
0.23355 0.16816
0.23365 -0.08653
0.23375 -0.050223
0.23385 -0.1115
0.23395 -0.070788
0.23405 -0.032239
0.23415 -0.087607
0.23425 0.043035
0.23435 0.013781
0.23445 0.03487
0.23455 0.13571
0.23465 0.071737
0.23475 -0.11456
0.23485 -0.058488
0.23495 -0.039348
0.23505 0.10987
0.23515 0.10048
0.23525 0.098855
0.23535 -0.11731
0.23545 0.046154
0.23555 -0.088565
0.23565 -0.029048
0.23575 0.11848
0.23585 0.040656
0.23595 -0.1007
0.23605 0.084986
0.23615 0.067554
0.23625 -0.038434
0.23635 0.027306
0.23645 0.11393
0.23655 -0.066434
0.23665 -0.03596
0.23675 0.066002
0.23685 0.04147
0.23695 -0.055187
0.23705 0.0017105
0.23715 0.0031566
0.23725 -0.038238
0.23735 0.01819
0.23745 0.071473
0.23755 -0.098444
0.23765 -0.037757
0.23775 -0.046703
0.23785 0.0046905
0.23795 -0.020713
0.23805 -0.053728
0.23815 -0.075024
0.23825 -0.041434
0.23835 -0.044723
0.23845 -0.10786
0.23855 -0.0069413
0.23865 3.6678e-05
0.23875 -0.062111
0.23885 -0.0033316
0.23895 -0.12584
0.23905 -0.027451
0.23915 0.046506
0.23925 -0.1084
0.23935 0.020548
0.23945 -0.15484
0.23955 0.12443
0.23965 -0.022375
0.23975 -0.15552
0.23985 -0.084439
0.23995 0.11234
0.24005 -0.006959
0.24015 -0.01599
0.24025 0.012288
0.24035 0.20371
0.24045 -0.12004
0.24055 0.051297
0.24065 -0.002966
0.24075 0.12731
0.24085 0.05828
0.24095 -0.14918
0.24105 -0.090683
0.24115 -0.00041973
0.24125 0.10389
0.24135 -0.067764
0.24145 0.021594
0.24155 0.033499
0.24165 0.11811
0.24175 0.072136
0.24185 0.023487
0.24195 0.15383
0.24205 0.0112
0.24215 0.091986
0.24225 -0.0024663
0.24235 -0.091845
0.24245 -0.022318
0.24255 0.1077
0.24265 -0.035858
0.24275 0.0066794
0.24285 0.033067
0.24295 -0.16399
0.24305 -0.11221
0.24315 0.03694
0.24325 -0.084476
0.24335 -0.063174
0.24345 0.02248
0.24355 0.042371
0.24365 -0.019817
0.24375 0.040663
0.24385 0.064334
0.24395 0.031509
0.24405 0.070424
0.24415 -0.042061
0.24425 0.0035002
0.24435 0.086393
0.24445 -0.063877
0.24455 -0.021736
0.24465 -0.072993
0.24475 0.13088
0.24485 0.016872
0.24495 -0.082054
0.24505 0.15883
0.24515 -0.12679
0.24525 -0.063749
0.24535 -0.014442
0.24545 0.07981
0.24555 0.053165
0.24565 0.12341
0.24575 0.11501
0.24585 0.063661
0.24595 -0.041354
0.24605 0.13854
0.24615 0.025551
0.24625 -0.040814
0.24635 -0.1306
0.24645 0.05192
0.24655 0.16274
0.24665 0.032126
0.24675 -0.15446
0.24685 0.066842
0.24695 0.032277
0.24705 -0.034082
0.24715 0.031694
0.24725 0.0038327
0.24735 -0.017127
0.24745 -0.066618
0.24755 -0.086191
0.24765 0.082715
0.24775 0.11308
0.24785 0.027008
0.24795 -0.10539
0.24805 0.13309
0.24815 -0.13513
0.24825 0.18718
0.24835 0.017435
0.24845 -0.039947
0.24855 -0.003343
0.24865 0.045978
0.24875 -0.093221
0.24885 -0.0024281
0.24895 0.061428
0.24905 0.056803
0.24915 -0.009226
0.24925 0.033885
0.24935 -0.069976
0.24945 -0.14836
0.24955 -0.098555
0.24965 0.093184
0.24975 -0.15375
0.24985 0.026656
0.24995 0.05271
0.25005 0.11901
0.25015 0.17551
0.25025 0.14297
0.25035 0.05416
0.25045 0.019411
0.25055 -0.037482
0.25065 -0.094231
0.25075 0.039837
0.25085 0.11501
0.25095 0.18059
0.25105 -0.13067
0.25115 -0.10912
0.25125 0.065169
0.25135 0.1005
0.25145 -0.2475
0.25155 -0.10136
0.25165 -0.0030255
0.25175 0.069782
0.25185 0.039712
0.25195 0.13691
0.25205 -0.19541
0.25215 -0.025646
0.25225 -0.039892
0.25235 0.0056124
0.25245 -0.068294
0.25255 -0.10081
0.25265 -0.042265
0.25275 -0.10168
0.25285 0.067699
0.25295 -0.081889
0.25305 -0.061786
0.25315 0.046019
0.25325 0.0064991
0.25335 -0.083571
0.25345 -0.27205
0.25355 0.018534
0.25365 0.086136
0.25375 -0.10216
0.25385 0.043007
0.25395 0.024593
0.25405 -0.047782
0.25415 -0.078656
0.25425 -0.054583
0.25435 0.0025812
0.25445 -0.0087731
0.25455 -0.079801
0.25465 -0.033245
0.25475 -0.025619
0.25485 -0.014336
0.25495 -0.030496
0.25505 -0.016581
0.25515 0.057642
0.25525 -0.074046
0.25535 0.17009
0.25545 0.026181
0.25555 -0.13734
0.25565 -0.044926
0.25575 -0.00012724
0.25585 0.027499
0.25595 -0.010711
0.25605 0.052408
0.25615 0.0056168
0.25625 -0.129
0.25635 -0.12936
0.25645 -0.04484
0.25655 0.19427
0.25665 0.0098573
0.25675 0.063182
0.25685 0.18083
0.25695 0.22505
0.25705 0.067512
0.25715 0.02604
0.25725 0.028217
0.25735 -0.21806
0.25745 -0.011599
0.25755 -0.018342
0.25765 0.0031317
0.25775 0.11062
0.25785 -0.032313
0.25795 0.012829
0.25805 0.10586
0.25815 -0.0084892
0.25825 0.014899
0.25835 0.10094
0.25845 0.013423
0.25855 -0.085243
0.25865 -0.16287
0.25875 -0.030039
0.25885 -0.0073053
0.25895 0.089636
0.25905 -0.013695
0.25915 -0.10682
0.25925 0.026664
0.25935 -0.068527
0.25945 0.10978
0.25955 -0.060059
0.25965 0.036163
0.25975 0.14581
0.25985 0.0061129
0.25995 0.03242
0.26005 -0.013953
0.26015 -0.026901
0.26025 -0.16135
0.26035 -0.11483
0.26045 0.28786
0.26055 0.061243
0.26065 -0.0099527
0.26075 0.085934
0.26085 -0.18582
0.26095 0.048973
0.26105 0.07921
0.26115 -0.16531
0.26125 0.093114
0.26135 0.0016648
0.26145 -0.127
0.26155 0.038918
0.26165 0.14779
0.26175 0.082683
0.26185 -0.033461
0.26195 -0.074603
0.26205 -0.06203
0.26215 0.036818
0.26225 -0.053252
0.26235 -0.051131
0.26245 0.024011
0.26255 -0.067837
0.26265 -0.024768
0.26275 -0.019588
0.26285 0.13421
0.26295 0.043106
0.26305 -0.073413
0.26315 -0.16965
0.26325 0.05602
0.26335 0.061945
0.26345 -0.010629
0.26355 -0.069915
0.26365 0.013646
0.26375 0.10558
0.26385 0.011904
0.26395 0.0002992
0.26405 -0.12375
0.26415 0.17891
0.26425 0.0032507
0.26435 0.00032831
0.26445 0.055638
0.26455 -0.066868
0.26465 0.077095
0.26475 0.040582
0.26485 0.0662
0.26495 -0.022837
0.26505 -0.010864
0.26515 0.099777
0.26525 -0.091559
0.26535 0.050581
0.26545 -0.00061088
0.26555 -0.11745
0.26565 0.19492
0.26575 0.087342
0.26585 0.059927
0.26595 -0.031445
0.26605 0.045596
0.26615 -0.0096985
0.26625 -0.071895
0.26635 -0.12342
0.26645 0.15486
0.26655 0.036039
0.26665 -0.16386
0.26675 -0.12874
0.26685 -0.27096
0.26695 -0.1271
0.26705 -0.042219
0.26715 -0.098424
0.26725 -0.016268
0.26735 -0.12337
0.26745 -0.0059031
0.26755 0.022845
0.26765 -0.032253
0.26775 0.1111
0.26785 -0.0038474
0.26795 -0.10381
0.26805 -0.025552
0.26815 -0.014384
0.26825 -0.032627
0.26835 0.10014
0.26845 0.13865
0.26855 0.16074
0.26865 -0.053063
0.26875 -0.067764
0.26885 0.05607
0.26895 -0.14776
0.26905 0.017961
0.26915 -0.0082905
0.26925 -0.050379
0.26935 0.11958
0.26945 -0.067677
0.26955 0.032815
0.26965 -0.033679
0.26975 -0.13291
0.26985 0.10232
0.26995 -0.026554
0.27005 -0.17304
0.27015 -0.15852
0.27025 -0.0049132
0.27035 0.18193
0.27045 -0.034041
0.27055 -0.072235
0.27065 0.058448
0.27075 0.014326
0.27085 0.18017
0.27095 0.1379
0.27105 -0.058203
0.27115 -0.093068
0.27125 0.10737
0.27135 0.040837
0.27145 0.039257
0.27155 -0.067814
0.27165 0.11123
0.27175 0.0021839
0.27185 -0.059899
0.27195 0.01696
0.27205 -0.14157
0.27215 0.13226
0.27225 -0.078921
0.27235 0.095153
0.27245 0.16828
0.27255 -0.054282
0.27265 0.033074
0.27275 -0.096811
0.27285 -0.01273
0.27295 0.079569
0.27305 0.17428
0.27315 -0.10956
0.27325 0.087076
0.27335 0.13766
0.27345 0.08767
0.27355 0.013868
0.27365 -0.042676
0.27375 0.087277
0.27385 0.11408
0.27395 0.11353
0.27405 -0.032631
0.27415 -0.054336
0.27425 0.083432
0.27435 0.10865
0.27445 -0.0061093
0.27455 -0.091533
0.27465 -0.00073979
0.27475 0.1879
0.27485 0.030529
0.27495 0.01846
0.27506 -0.19489
0.27516 0.054379
0.27526 0.13551
0.27536 0.11914
0.27546 0.044731
0.27556 -0.029957
0.27566 0.11947
0.27576 0.090738
0.27586 0.018051
0.27596 -0.06714
0.27606 -0.059658
0.27616 -0.0080561
0.27626 -0.019078
0.27636 -0.0042011
0.27646 -0.18285
0.27656 0.0053701
0.27666 0.14014
0.27676 -0.15766
0.27686 -0.11721
0.27696 0.078536
0.27706 0.0067989
0.27716 -0.061985
0.27726 -0.032018
0.27736 0.076911
0.27746 0.21389
0.27756 0.028187
0.27766 0.15842
0.27776 0.064395
0.27786 -0.098376
0.27796 0.1514
0.27806 0.041814
0.27816 -0.046679
0.27826 -0.089669
0.27836 -0.10511
0.27846 0.061447
0.27856 0.18456
0.27866 0.040468
0.27876 0.12945
0.27886 0.16414
0.27896 0.13061
0.27906 0.020963
0.27916 -0.035843
0.27926 0.034206
0.27936 0.048007
0.27946 0.14268
0.27956 0.011787
0.27966 0.12016
0.27976 0.045023
0.27986 0.031926
0.27996 -0.060646
0.28006 0.062106
0.28016 -0.045668
0.28026 -0.086146
0.28036 -0.088118
0.28046 0.092575
0.28056 0.13288
0.28066 0.02799
0.28076 0.04896
0.28086 -0.0039647
0.28096 0.0059063
0.28106 0.17659
0.28116 0.050638
0.28126 0.12604
0.28136 0.020646
0.28146 -0.11178
0.28156 -0.051247
0.28166 0.041083
0.28176 0.034094
0.28186 0.071562
0.28196 0.079772
0.28206 -0.082204
0.28216 0.063792
0.28226 0.058658
0.28236 0.13611
0.28246 0.056142
0.28256 0.068617
0.28266 0.014163
0.28276 0.042859
0.28286 0.0023525
0.28296 0.34105
0.28306 -0.056298
0.28316 0.11795
0.28326 0.16523
0.28336 0.066023
0.28346 0.089031
0.28356 0.0079363
0.28366 -0.15761
0.28376 0.05357
0.28386 0.047452
0.28396 0.072486
0.28406 0.11032
0.28416 -0.11865
0.28426 0.063439
0.28436 0.0092956
0.28446 0.027966
0.28456 0.11546
0.28466 -0.14393
0.28476 0.084933
0.28486 -0.12428
0.28496 0.067155
0.28506 0.056212
0.28516 0.215
0.28526 -0.014361
0.28536 0.14645
0.28546 -0.099942
0.28556 -0.024495
0.28566 0.092309
0.28576 -0.011139
0.28586 0.1115
0.28596 0.088269
0.28606 0.036085
0.28616 0.14057
0.28626 0.0038753
0.28636 0.11738
0.28646 0.13862
0.28656 0.093495
0.28666 0.20032
0.28676 0.14169
0.28686 0.17636
0.28696 0.056381
0.28706 0.068031
0.28716 0.04814
0.28726 0.069635
0.28736 0.00025327
0.28746 -0.019318
0.28756 0.11803
0.28766 0.10692
0.28776 0.058123
0.28786 0.12507
0.28796 -0.14227
0.28806 0.12224
0.28816 -0.051067
0.28826 0.13138
0.28836 0.11214
0.28846 -0.093919
0.28856 0.03624
0.28866 0.005602
0.28876 0.036284
0.28886 0.085509
0.28896 0.083616
0.28906 -0.021084
0.28916 0.088432
0.28926 0.1114
0.28936 0.081513
0.28946 -0.0059174
0.28956 0.10684
0.28966 0.060222
0.28976 0.030949
0.28986 0.059972
0.28996 0.0024442
0.29006 -0.02209
0.29016 0.16157
0.29026 0.1291
0.29036 0.028907
0.29046 0.091071
0.29056 0.056853
0.29066 0.26827
0.29076 0.022149
0.29086 -0.017151
0.29096 0.17529
0.29106 0.089223
0.29116 -0.093785
0.29126 -0.0322
0.29136 -0.044246
0.29146 0.22571
0.29156 0.26696
0.29166 0.14942
0.29176 -0.042419
0.29186 0.23448
0.29196 -0.077181
0.29206 0.05035
0.29216 0.14675
0.29226 0.10138
0.29236 0.15933
0.29246 0.0062596
0.29256 -0.0083633
0.29266 0.18887
0.29276 -0.00018297
0.29286 0.1027
0.29296 0.087539
0.29306 0.058521
0.29316 0.04094
0.29326 0.057764
0.29336 0.025258
0.29346 -0.066153
0.29356 0.26053
0.29366 0.14186
0.29376 0.087341
0.29386 0.21449
0.29396 0.073579
0.29406 0.18681
0.29416 0.097634
0.29426 0.11485
0.29436 0.089652
0.29446 -0.067435
0.29456 0.26919
0.29466 0.059376
0.29476 0.23655
0.29486 0.086318
0.29496 -0.018473
0.29506 0.090222
0.29516 0.063385
0.29526 0.035175
0.29536 0.025966
0.29546 0.042151
0.29556 0.016096
0.29566 0.085786
0.29576 0.22459
0.29586 0.10771
0.29596 0.019082
0.29606 0.11059
0.29616 0.034149
0.29626 0.046828
0.29636 0.022841
0.29646 0.15512
0.29656 0.071749
0.29666 0.094574
0.29676 0.28039
0.29686 0.073421
0.29696 0.04496
0.29706 0.010607
0.29716 0.059905
0.29726 0.15921
0.29736 0.11386
0.29746 0.07688
0.29756 0.041476
0.29766 0.081689
0.29776 0.12481
0.29786 0.13858
0.29796 -0.014653
0.29806 0.11141
0.29816 0.11503
0.29826 0.034686
0.29836 0.10681
0.29846 0.090319
0.29856 0.16005
0.29866 0.014378
0.29876 0.19685
0.29886 0.14226
0.29896 0.080925
0.29906 0.076998
0.29916 0.14097
0.29926 0.16002
0.29936 -0.069404
0.29946 -0.019494
0.29956 0.16004
0.29966 0.12545
0.29976 0.011473
0.29986 0.037512
0.29996 0.21532
0.30006 -0.079166
0.30016 0.13922
0.30026 0.10756
0.30036 0.15643
0.30046 0.27304
0.30056 0.0851
0.30066 0.10055
0.30076 -0.065935
0.30086 0.19474
0.30096 0.17941
0.30106 0.1978
0.30116 0.26203
0.30126 0.22556
0.30136 0.32926
0.30146 0.040043
0.30156 -0.015236
0.30166 -0.0054597
0.30176 0.10278
0.30186 0.15872
0.30196 0.12612
0.30206 0.048867
0.30216 0.10503
0.30226 0.23611
0.30236 0.13936
0.30246 0.069801
0.30256 0.16288
0.30266 0.12317
0.30276 0.13922
0.30286 0.22011
0.30296 0.1048
0.30306 0.025975
0.30316 0.21888
0.30326 0.16171
0.30336 0.23529
0.30346 0.029547
0.30356 -0.0014025
0.30366 0.16266
0.30376 0.11074
0.30386 0.26286
0.30396 0.1469
0.30406 0.21253
0.30416 0.022175
0.30426 0.0065806
0.30436 0.019415
0.30446 0.16536
0.30456 0.081296
0.30466 -0.021671
0.30476 0.023316
0.30486 0.13969
0.30496 0.064236
0.30506 0.16315
0.30516 0.29484
0.30526 0.1283
0.30536 0.22598
0.30546 0.099777
0.30556 0.23352
0.30566 0.055073
0.30576 -0.040301
0.30586 0.22568
0.30596 0.15716
0.30606 0.19228
0.30616 0.030486
0.30626 0.12357
0.30636 0.16423
0.30646 0.22372
0.30656 -0.16379
0.30666 0.15024
0.30676 0.029445
0.30686 0.062085
0.30696 0.099556
0.30706 -0.059156
0.30716 0.1918
0.30726 0.072491
0.30736 0.010957
0.30746 0.20149
0.30756 0.18237
0.30766 0.071796
0.30776 0.19175
0.30786 0.028105
0.30796 0.076826
0.30806 0.064294
0.30816 0.10999
0.30826 0.022459
0.30836 0.10696
0.30846 0.15973
0.30856 0.30328
0.30866 0.094373
0.30876 0.051758
0.30886 0.17954
0.30896 0.28178
0.30906 0.20949
0.30916 0.019429
0.30926 0.055516
0.30936 -0.03033
0.30946 0.024533
0.30956 0.020093
0.30966 0.22148
0.30976 0.24213
0.30986 0.065358
0.30996 0.11474
0.31006 -0.07684
0.31016 0.20751
0.31026 -0.069053
0.31036 0.10113
0.31046 0.082451
0.31056 0.10798
0.31066 -0.0047407
0.31076 0.1925
0.31086 0.28772
0.31096 0.061488
0.31106 0.23649
0.31116 0.10009
0.31126 0.26255
0.31136 0.19423
0.31146 0.073716
0.31156 0.26293
0.31166 0.31063
0.31176 0.13983
0.31186 0.10426
0.31196 0.12878
0.31206 0.38219
0.31216 0.085979
0.31226 0.28805
0.31236 0.19622
0.31246 0.043682
0.31256 0.088861
0.31266 0.17454
0.31276 0.09599
0.31286 0.25037
0.31296 0.18127
0.31306 0.055089
0.31316 0.18336
0.31326 0.23209
0.31336 0.18254
0.31346 0.020978
0.31356 0.11036
0.31366 0.23538
0.31376 0.12301
0.31386 0.12709
0.31396 0.13778
0.31406 0.24117
0.31416 -0.024021
0.31426 0.17014
0.31436 0.1368
0.31446 0.047076
0.31456 0.069823
0.31466 0.13415
0.31476 0.048252
0.31486 0.21271
0.31496 0.14259
0.31506 0.095744
0.31516 0.19983
0.31526 0.17225
0.31536 0.24413
0.31546 0.31817
0.31556 0.11516
0.31566 0.20777
0.31576 0.25636
0.31586 0.018003
0.31596 0.17639
0.31606 0.25017
0.31616 0.13474
0.31626 0.13106
0.31636 0.10271
0.31646 0.068956
0.31656 0.13883
0.31666 0.13123
0.31676 0.28237
0.31686 0.2399
0.31696 0.33822
0.31706 0.23302
0.31716 0.23671
0.31726 0.12203
0.31736 0.21342
0.31746 0.093573
0.31756 0.066944
0.31766 0.19511
0.31776 0.1335
0.31786 0.14353
0.31796 0.19286
0.31806 0.18166
0.31816 0.23372
0.31826 0.23726
0.31836 0.16669
0.31846 0.32908
0.31856 0.22761
0.31866 -0.0039101
0.31876 0.24684
0.31886 0.12906
0.31896 0.40796
0.31906 0.097771
0.31916 0.18826
0.31926 0.309
0.31936 0.026039
0.31946 0.1105
0.31956 0.15169
0.31966 0.35016
0.31976 0.055754
0.31986 0.17395
0.31996 0.05585
0.32006 0.086334
0.32016 0.22664
0.32026 0.22571
0.32036 0.18737
0.32046 0.083657
0.32056 0.040221
0.32066 0.08178
0.32076 0.24571
0.32086 0.079315
0.32096 0.27348
0.32106 0.15465
0.32116 0.11723
0.32126 -0.0036951
0.32136 0.22206
0.32146 0.1872
0.32156 0.071256
0.32166 0.26451
0.32176 0.14544
0.32186 0.23669
0.32196 0.11412
0.32206 0.23862
0.32216 0.29574
0.32226 0.22499
0.32236 0.11405
0.32246 0.20799
0.32256 0.1224
0.32266 0.14325
0.32276 0.19553
0.32286 0.2629
0.32296 0.20048
0.32306 0.15128
0.32316 0.34233
0.32326 0.23341
0.32336 0.26472
0.32346 0.16313
0.32356 0.16557
0.32366 0.35301
0.32376 0.3718
0.32386 0.26581
0.32396 0.15184
0.32406 0.17005
0.32416 0.32443
0.32426 0.2919
0.32436 0.24368
0.32446 0.2745
0.32456 0.1861
0.32466 0.2905
0.32476 0.16311
0.32486 0.054787
0.32496 0.22115
0.32507 0.2422
0.32517 0.32751
0.32527 0.21939
0.32537 0.01309
0.32547 0.25862
0.32557 0.32677
0.32567 0.11047
0.32577 0.14878
0.32587 0.18198
0.32597 0.1552
0.32607 0.23173
0.32617 0.29727
0.32627 0.093042
0.32637 0.24796
0.32647 0.36656
0.32657 0.33102
0.32667 0.23965
0.32677 0.22051
0.32687 0.14057
0.32697 0.32236
0.32707 0.16728
0.32717 0.1948
0.32727 0.20662
0.32737 0.2325
0.32747 0.2008
0.32757 0.12221
0.32767 0.17505
0.32777 0.25787
0.32787 0.26181
0.32797 0.32629
0.32807 0.063487
0.32817 0.085128
0.32827 0.21658
0.32837 0.14753
0.32847 0.21666
0.32857 0.19789
0.32867 0.42342
0.32877 0.32078
0.32887 0.4489
0.32897 0.26319
0.32907 0.32854
0.32917 0.15829
0.32927 0.23278
0.32937 0.13747
0.32947 0.23221
0.32957 0.30932
0.32967 0.23683
0.32977 0.31419
0.32987 0.47822
0.32997 0.092213
0.33007 0.1917
0.33017 0.26662
0.33027 0.37441
0.33037 0.18791
0.33047 0.32234
0.33057 0.18683
0.33067 0.20303
0.33077 0.18832
0.33087 0.33454
0.33097 0.16545
0.33107 0.12384
0.33117 0.28037
0.33127 0.19753
0.33137 0.28106
0.33147 0.1348
0.33157 0.23683
0.33167 0.13031
0.33177 0.11312
0.33187 0.408
0.33197 0.15311
0.33207 0.12684
0.33217 0.087197
0.33227 0.28232
0.33237 0.31131
0.33247 0.3027
0.33257 0.27783
0.33267 0.36469
0.33277 0.23832
0.33287 0.25338
0.33297 0.17173
0.33307 0.33184
0.33317 0.16437
0.33327 0.30268
0.33337 0.40159
0.33347 0.25889
0.33357 0.15904
0.33367 0.38595
0.33377 0.26576
0.33387 0.21249
0.33397 0.1864
0.33407 0.31708
0.33417 0.20217
0.33427 0.23767
0.33437 0.19398
0.33447 0.29015
0.33457 0.27289
0.33467 0.34453
0.33477 0.32779
0.33487 0.32066
0.33497 0.26824
0.33507 0.45717
0.33517 0.26719
0.33527 0.24709
0.33537 0.22128
0.33547 0.18883
0.33557 0.14925
0.33567 0.18903
0.33577 0.20447
0.33587 0.4236
0.33597 0.29439
0.33607 0.32224
0.33617 0.29341
0.33627 0.10381
0.33637 0.086579
0.33647 0.056065
0.33657 0.31317
0.33667 0.33847
0.33677 0.31921
0.33687 0.32769
0.33697 0.093872
0.33707 0.24136
0.33717 0.18239
0.33727 0.24722
0.33737 0.33869
0.33747 0.39211
0.33757 0.31672
0.33767 0.32507
0.33777 0.22749
0.33787 0.13025
0.33797 0.43401
0.33807 0.45083
0.33817 0.19469
0.33827 0.29447
0.33837 0.38457
0.33847 0.18124
0.33857 0.33924
0.33867 0.095142
0.33877 0.40893
0.33887 0.32724
0.33897 0.17338
0.33907 0.27786
0.33917 0.44014
0.33927 0.38718
0.33937 0.21433
0.33947 0.076283
0.33957 0.34142
0.33967 0.031457
0.33977 0.29058
0.33987 0.22456
0.33997 0.33509
0.34007 0.36523
0.34017 0.30124
0.34027 0.30486
0.34037 0.26059
0.34047 0.24638
0.34057 0.23244
0.34067 0.16708
0.34077 0.20704
0.34087 0.38851
0.34097 0.19604
0.34107 0.087414
0.34117 0.28047
0.34127 0.3453
0.34137 0.34266
0.34147 0.2887
0.34157 0.24932
0.34167 0.28262
0.34177 0.32022
0.34187 0.19503
0.34197 0.33352
0.34207 0.23895
0.34217 0.23041
0.34227 0.28628
0.34237 0.36569
0.34247 0.33563
0.34257 0.407
0.34267 0.18308
0.34277 0.35211
0.34287 0.39313
0.34297 0.30835
0.34307 0.37905
0.34317 0.40662
0.34327 0.39039
0.34337 0.46776
0.34347 0.30481
0.34357 0.15879
0.34367 0.27003
0.34377 0.38429
0.34387 0.26827
0.34397 0.31303
0.34407 0.3148
0.34417 0.31553
0.34427 0.40228
0.34437 0.29606
0.34447 0.33743
0.34457 0.33687
0.34467 0.31231
0.34477 0.16367
0.34487 0.35963
0.34497 0.26201
0.34507 0.31616
0.34517 0.27262
0.34527 0.29435
0.34537 0.17583
0.34547 0.26347
0.34557 0.3634
0.34567 0.36901
0.34577 0.2848
0.34587 0.10805
0.34597 0.22643
0.34607 0.38479
0.34617 0.35055
0.34627 0.27118
0.34637 0.40419
0.34647 0.16153
0.34657 0.33458
0.34667 0.22646
0.34677 0.3366
0.34687 0.13601
0.34697 0.32623
0.34707 0.64371
0.34717 0.28077
0.34727 0.38753
0.34737 0.23141
0.34747 0.43609
0.34757 0.25153
0.34767 0.20267
0.34777 0.31251
0.34787 0.25324
0.34797 0.39018
0.34807 0.22429
0.34817 0.27658
0.34827 0.20635
0.34837 0.33309
0.34847 0.18774
0.34857 0.34183
0.34867 0.452
0.34877 0.29085
0.34887 0.30634
0.34897 0.3155
0.34907 0.20345
0.34917 0.39902
0.34927 0.46123
0.34937 0.32847
0.34947 0.39865
0.34957 0.34574
0.34967 0.36588
0.34977 0.26587
0.34987 0.32308
0.34997 0.17559
0.35007 0.15351
0.35017 0.30982
0.35027 0.425
0.35037 0.32003
0.35047 0.47355
0.35057 0.45653
0.35067 0.32068
0.35077 0.20243
0.35087 0.36697
0.35097 0.42347
0.35107 0.16396
0.35117 0.4139
0.35127 0.3902
0.35137 0.3987
0.35147 0.44778
0.35157 0.31925
0.35167 0.31394
0.35177 0.51905
0.35187 0.31924
0.35197 0.32519
0.35207 0.4168
0.35217 0.36264
0.35227 0.37943
0.35237 0.35945
0.35247 0.43545
0.35257 0.32371
0.35267 0.41159
0.35277 0.52933
0.35287 0.4588
0.35297 0.35372
0.35307 0.37578
0.35317 0.31823
0.35327 0.30059
0.35337 0.30126
0.35347 0.45623
0.35357 0.3377
0.35367 0.38089
0.35377 0.49155
0.35387 0.40523
0.35397 0.22822
0.35407 0.49925
0.35417 0.27745
0.35427 0.23714
0.35437 0.40984
0.35447 0.37049
0.35457 0.41942
0.35467 0.21588
0.35477 0.5324
0.35487 0.36274
0.35497 0.31855
0.35507 0.17348
0.35517 0.22202
0.35527 0.41321
0.35537 0.42989
0.35547 0.24063
0.35557 0.32145
0.35567 0.43067
0.35577 0.4222
0.35587 0.37906
0.35597 0.33822
0.35607 0.39307
0.35617 0.28262
0.35627 0.40984
0.35637 0.3312
0.35647 0.3558
0.35657 0.39823
0.35667 0.41778
0.35677 0.36485
0.35687 0.4696
0.35697 0.46506
0.35707 0.42631
0.35717 0.47596
0.35727 0.31969
0.35737 0.40283
0.35747 0.39709
0.35757 0.51098
0.35767 0.36917
0.35777 0.27854
0.35787 0.31158
0.35797 0.32084
0.35807 0.22684
0.35817 0.43652
0.35827 0.39932
0.35837 0.42048
0.35847 0.35982
0.35857 0.22226
0.35867 0.2633
0.35877 0.50236
0.35887 0.44411
0.35897 0.39017
0.35907 0.38143
0.35917 0.10197
0.35927 0.40571
0.35937 0.33172
0.35947 0.39048
0.35957 0.47451
0.35967 0.42477
0.35977 0.29622
0.35987 0.36765
0.35997 0.32631
0.36007 0.3772
0.36017 0.5048
0.36027 0.31858
0.36037 0.34975
0.36047 0.4684
0.36057 0.412
0.36067 0.27402
0.36077 0.57817
0.36087 0.48246
0.36097 0.54827
0.36107 0.30456
0.36117 0.47816
0.36127 0.51665
0.36137 0.45696
0.36147 0.29203
0.36157 0.39588
0.36167 0.42736
0.36177 0.37257
0.36187 0.44358
0.36197 0.29321
0.36207 0.46394
0.36217 0.47262
0.36227 0.4371
0.36237 0.44645
0.36247 0.45484
0.36257 0.37383
0.36267 0.35981
0.36277 0.44019
0.36287 0.37911
0.36297 0.37856
0.36307 0.42691
0.36317 0.4719
0.36327 0.44813
0.36337 0.44228
0.36347 0.40424
0.36357 0.34888
0.36367 0.41543
0.36377 0.45267
0.36387 0.28834
0.36397 0.41359
0.36407 0.44006
0.36417 0.43476
0.36427 0.3651
0.36437 0.45434
0.36447 0.45418
0.36457 0.36245
0.36467 0.48455
0.36477 0.50261
0.36487 0.47305
0.36497 0.42538
0.36507 0.3984
0.36517 0.48758
0.36527 0.51369
0.36537 0.41853
0.36547 0.36645
0.36557 0.40405
0.36567 0.47244
0.36577 0.64694
0.36587 0.3495
0.36597 0.4549
0.36607 0.50972
0.36617 0.48176
0.36627 0.53491
0.36637 0.34403
0.36647 0.47702
0.36657 0.42235
0.36667 0.49944
0.36677 0.50452
0.36687 0.41369
0.36697 0.43733
0.36707 0.55494
0.36717 0.44891
0.36727 0.33833
0.36737 0.40404
0.36747 0.3948
0.36757 0.49418
0.36767 0.53644
0.36777 0.35536
0.36787 0.3213
0.36797 0.56079
0.36807 0.43742
0.36817 0.52028
0.36827 0.42279
0.36837 0.39238
0.36847 0.51354
0.36857 0.5474
0.36867 0.47714
0.36877 0.5588
0.36887 0.46364
0.36897 0.52834
0.36907 0.51103
0.36917 0.46494
0.36927 0.56793
0.36937 0.38421
0.36947 0.35906
0.36957 0.43747
0.36967 0.37229
0.36977 0.4007
0.36987 0.42201
0.36997 0.19676
0.37007 0.47426
0.37017 0.38408
0.37027 0.43434
0.37037 0.32915
0.37047 0.34733
0.37057 0.49986
0.37067 0.40704
0.37077 0.48549
0.37087 0.4713
0.37097 0.55525
0.37107 0.63637
0.37117 0.50679
0.37127 0.59628
0.37137 0.46797
0.37147 0.34331
0.37157 0.57528
0.37167 0.53388
0.37177 0.38838
0.37187 0.68683
0.37197 0.57701
0.37207 0.53189
0.37217 0.38412
0.37227 0.64992
0.37237 0.38617
0.37247 0.43815
0.37257 0.55562
0.37267 0.57706
0.37277 0.5089
0.37287 0.57166
0.37297 0.50193
0.37307 0.53491
0.37317 0.49948
0.37327 0.5017
0.37337 0.51857
0.37347 0.33787
0.37357 0.26993
0.37367 0.56302
0.37377 0.52371
0.37387 0.44954
0.37397 0.38844
0.37407 0.59946
0.37417 0.56283
0.37427 0.67804
0.37437 0.41052
0.37447 0.53047
0.37457 0.48361
0.37467 0.51939
0.37477 0.45801
0.37487 0.41638
0.37497 0.49922
0.37508 0.52035
0.37518 0.49908
0.37528 0.55758
0.37538 0.57948
0.37548 0.44867
0.37558 0.58025
0.37568 0.32557
0.37578 0.40974
0.37588 0.63783
0.37598 0.51122
0.37608 0.33972
0.37618 0.52922
0.37628 0.41405
0.37638 0.39184
0.37648 0.48523
0.37658 0.53639
0.37668 0.54712
0.37678 0.47652
0.37688 0.50735
0.37698 0.46937
0.37708 0.66549
0.37718 0.51459
0.37728 0.48859
0.37738 0.555
0.37748 0.5292
0.37758 0.60972
0.37768 0.57902
0.37778 0.50932
0.37788 0.45311
0.37798 0.83357
0.37808 0.40869
0.37818 0.55065
0.37828 0.42857
0.37838 0.49219
0.37848 0.63214
0.37858 0.42217
0.37868 0.57919
0.37878 0.62926
0.37888 0.47334
0.37898 0.3731
0.37908 0.45674
0.37918 0.54501
0.37928 0.42296
0.37938 0.56955
0.37948 0.4721
0.37958 0.54613
0.37968 0.52927
0.37978 0.41724
0.37988 0.49142
0.37998 0.67029
0.38008 0.61311
0.38018 0.55198
0.38028 0.52359
0.38038 0.47385
0.38048 0.37869
0.38058 0.55956
0.38068 0.63266
0.38078 0.53024
0.38088 0.50153
0.38098 0.62916
0.38108 0.49397
0.38118 0.40347
0.38128 0.64069
0.38138 0.36947
0.38148 0.47994
0.38158 0.61354
0.38168 0.64386
0.38178 0.56324
0.38188 0.60562
0.38198 0.48932
0.38208 0.37657
0.38218 0.52093
0.38228 0.52398
0.38238 0.39776
0.38248 0.46369
0.38258 0.63193
0.38268 0.40925
0.38278 0.57726
0.38288 0.61162
0.38298 0.54777
0.38308 0.5992
0.38318 0.42971
0.38328 0.56904
0.38338 0.45036
0.38348 0.44315
0.38358 0.43047
0.38368 0.64507
0.38378 0.54789
0.38388 0.54016
0.38398 0.64462
0.38408 0.52807
0.38418 0.56416
0.38428 0.48354
0.38438 0.64819
0.38448 0.6637
0.38458 0.67826
0.38468 0.53756
0.38478 0.71282
0.38488 0.42866
0.38498 0.5455
0.38508 0.57727
0.38518 0.525
0.38528 0.58802
0.38538 0.61557
0.38548 0.46437
0.38558 0.69614
0.38568 0.60089
0.38578 0.47611
0.38588 0.45567
0.38598 0.53312
0.38608 0.50488
0.38618 0.67283
0.38628 0.52832
0.38638 0.55926
0.38648 0.56888
0.38658 0.72754
0.38668 0.61947
0.38678 0.69053
0.38688 0.57528
0.38698 0.51148
0.38708 0.54815
0.38718 0.44168
0.38728 0.75326
0.38738 0.48448
0.38748 0.58371
0.38758 0.55094
0.38768 0.41446
0.38778 0.48742
0.38788 0.6301
0.38798 0.59786
0.38808 0.62712
0.38818 0.56082
0.38828 0.56138
0.38838 0.5724
0.38848 0.68076
0.38858 0.54312
0.38868 0.47641
0.38878 0.56358
0.38888 0.61357
0.38898 0.57984
0.38908 0.53103
0.38918 0.57027
0.38928 0.50541
0.38938 0.48367
0.38948 0.60643
0.38958 0.5697
0.38968 0.76037
0.38978 0.43567
0.38988 0.53217
0.38998 0.58339
0.39008 0.64011
0.39018 0.72395
0.39028 0.53331
0.39038 0.39287
0.39048 0.81589
0.39058 0.71951
0.39068 0.56415
0.39078 0.57594
0.39088 0.73694
0.39098 0.7228
0.39108 0.6583
0.39118 0.63715
0.39128 0.51896
0.39138 0.71168
0.39148 0.57715
0.39158 0.49502
0.39168 0.70797
0.39178 0.57917
0.39188 0.7081
0.39198 0.59897
0.39208 0.50741
0.39218 0.57425
0.39228 0.5799
0.39238 0.63217
0.39248 0.54418
0.39258 0.61497
0.39268 0.5807
0.39278 0.5645
0.39288 0.74917
0.39298 0.46384
0.39308 0.58254
0.39318 0.57952
0.39328 0.75979
0.39338 0.55733
0.39348 0.69557
0.39358 0.73748
0.39368 0.45243
0.39378 0.6221
0.39388 0.4964
0.39398 0.54345
0.39408 0.67582
0.39418 0.70797
0.39428 0.59026
0.39438 0.5738
0.39448 0.70583
0.39458 0.58568
0.39468 0.59045
0.39478 0.74976
0.39488 0.57407
0.39498 0.66417
0.39508 0.66893
0.39518 0.54958
0.39528 0.57329
0.39538 0.49188
0.39548 0.80589
0.39558 0.72245
0.39568 0.55868
0.39578 0.6042
0.39588 0.79128
0.39598 0.50225
0.39608 0.52831
0.39618 0.60175
0.39628 0.56253
0.39638 0.65021
0.39648 0.73161
0.39658 0.55257
0.39668 0.41865
0.39678 0.5626
0.39688 0.64048
0.39698 0.46809
0.39708 0.64631
0.39718 0.48784
0.39728 0.7105
0.39738 0.64556
0.39748 0.6154
0.39758 0.70227
0.39768 0.65437
0.39778 0.59483
0.39788 0.49404
0.39798 0.677
0.39808 0.65162
0.39818 0.64561
0.39828 0.75657
0.39838 0.52932
0.39848 0.68416
0.39858 0.58877
0.39868 0.57865
0.39878 0.53643
0.39888 0.6676
0.39898 0.62369
0.39908 0.6695
0.39918 0.685
0.39928 0.60825
0.39938 0.58512
0.39948 0.53425
0.39958 0.65216
0.39968 0.70662
0.39978 0.64677
0.39988 0.57485
0.39998 0.54202
0.40008 0.70684
0.40018 0.69806
0.40028 0.4597
0.40038 0.64383
0.40048 0.70648
0.40058 0.85158
0.40068 0.58662
0.40078 0.72379
0.40088 0.74913
0.40098 0.525
0.40108 0.58083
0.40118 0.73871
0.40128 0.60423
0.40138 0.62793
0.40148 0.77263
0.40158 0.55
0.40168 0.70488
0.40178 0.73008
0.40188 0.5971
0.40198 0.72476
0.40208 0.66241
0.40218 0.51411
0.40228 0.60908
0.40238 0.72849
0.40248 0.7228
0.40258 0.63773
0.40268 0.76741
0.40278 0.81847
0.40288 0.59406
0.40298 0.6073
0.40308 0.82311
0.40318 0.63758
0.40328 0.66366
0.40338 0.7365
0.40348 0.53915
0.40358 0.707
0.40368 0.88122
0.40378 0.7948
0.40388 0.69959
0.40398 0.85413
0.40408 0.69427
0.40418 0.67804
0.40428 0.7277
0.40438 0.70899
0.40448 0.57709
0.40458 0.62808
0.40468 0.7467
0.40478 0.76828
0.40488 0.61174
0.40498 0.67717
0.40508 0.82852
0.40518 0.63855
0.40528 0.54275
0.40538 0.59438
0.40548 0.64509
0.40558 0.81081
0.40568 0.85375
0.40578 0.85427
0.40588 0.65509
0.40598 0.77723
0.40608 0.65977
0.40618 0.6741
0.40628 0.69752
0.40638 0.53413
0.40648 0.64331
0.40658 0.70917
0.40668 0.76934
0.40678 0.60031
0.40688 0.49989
0.40698 0.71075
0.40708 0.63385
0.40718 0.69168
0.40728 0.62455
0.40738 0.68625
0.40748 0.77056
0.40758 0.56997
0.40768 0.73019
0.40778 0.62178
0.40788 0.71313
0.40798 0.51137
0.40808 0.74614
0.40818 0.55421
0.40828 0.57615
0.40838 0.73817
0.40848 0.70193
0.40858 0.73394
0.40868 0.85549
0.40878 0.68237
0.40888 0.62462
0.40898 0.78639
0.40908 0.67424
0.40918 0.57297
0.40928 0.63184
0.40938 0.60291
0.40948 0.72271
0.40958 0.70367
0.40968 0.8475
0.40978 0.77226
0.40988 0.56687
0.40998 0.57276
0.41008 0.62451
0.41018 0.8373
0.41028 0.77652
0.41038 0.67672
0.41048 0.64678
0.41058 0.75541
0.41068 0.76209
0.41078 0.84153
0.41088 0.73119
0.41098 0.70944
0.41108 0.61004
0.41118 0.71276
0.41128 0.7235
0.41138 0.43514
0.41148 0.59828
0.41158 0.72472
0.41168 0.71226
0.41178 0.63901
0.41188 0.70492
0.41198 0.85613
0.41208 0.79657
0.41218 0.61929
0.41228 0.90068
0.41238 0.74308
0.41248 0.75281
0.41258 0.56874
0.41268 0.84193
0.41278 0.83853
0.41288 0.82469
0.41298 0.63177
0.41308 0.72441
0.41318 0.77472
0.41328 0.6577
0.41338 0.72812
0.41348 0.7859
0.41358 0.8094
0.41368 0.56875
0.41378 0.77867
0.41388 0.94
0.41398 0.81058
0.41408 0.78435
0.41418 0.88553
0.41428 0.76802
0.41438 0.79661
0.41448 0.69139
0.41458 0.80919
0.41468 0.69097
0.41478 0.71966
0.41488 0.71548
0.41498 0.81201
0.41508 0.84455
0.41518 0.72979
0.41528 0.73207
0.41538 0.75464
0.41548 0.75652
0.41558 0.52006
0.41568 0.6257
0.41578 0.69296
0.41588 0.74264
0.41598 0.72775
0.41608 0.6209
0.41618 0.81758
0.41628 0.7762
0.41638 0.77429
0.41648 0.78855
0.41658 0.66307
0.41668 0.64656
0.41678 0.63568
0.41688 0.74251
0.41698 0.93943
0.41708 0.65348
0.41718 0.56964
0.41728 0.84126
0.41738 0.69637
0.41748 0.81752
0.41758 0.7528
0.41768 0.86624
0.41778 0.83405
0.41788 0.72058
0.41798 0.87155
0.41808 0.73152
0.41818 0.80825
0.41828 0.69627
0.41838 0.6952
0.41848 0.77543
0.41858 0.72544
0.41868 0.8733
0.41878 0.77483
0.41888 0.72877
0.41898 0.79412
0.41908 0.91233
0.41918 0.73358
0.41928 0.78743
0.41938 0.80154
0.41948 0.89636
0.41958 0.89793
0.41968 0.70435
0.41978 0.83645
0.41988 0.80661
0.41998 0.70369
0.42008 0.8429
0.42018 0.78378
0.42028 0.67132
0.42038 0.71681
0.42048 0.80107
0.42058 0.73387
0.42068 0.78641
0.42078 0.60168
0.42088 0.80839
0.42098 0.77105
0.42108 0.82075
0.42118 0.70929
0.42128 0.64777
0.42138 0.62139
0.42148 0.89617
0.42158 0.70548
0.42168 0.70265
0.42178 0.76532
0.42188 0.82452
0.42198 0.81532
0.42208 0.81248
0.42218 0.81345
0.42228 0.56798
0.42238 0.86487
0.42248 0.76053
0.42258 0.90825
0.42268 0.67031
0.42278 0.70507
0.42288 0.96758
0.42298 0.71271
0.42308 0.8452
0.42318 0.79839
0.42328 0.57983
0.42338 0.73712
0.42348 0.6937
0.42358 0.73806
0.42368 0.81231
0.42378 0.88126
0.42388 0.88777
0.42398 0.80973
0.42408 0.86276
0.42418 0.77358
0.42428 0.8165
0.42438 0.82468
0.42448 0.60979
0.42458 0.89362
0.42468 0.98627
0.42478 0.72241
0.42488 0.78981
0.42498 0.68833
0.42509 0.84835
0.42519 0.78157
0.42529 0.68002
0.42539 0.99281
0.42549 0.84467
0.42559 0.93053
0.42569 0.9832
0.42579 0.86088
0.42589 0.73964
0.42599 0.62651
0.42609 0.84942
0.42619 0.94749
0.42629 0.60235
0.42639 0.82007
0.42649 0.7717
0.42659 0.78927
0.42669 0.93197
0.42679 0.78389
0.42689 0.75304
0.42699 0.76801
0.42709 0.91989
0.42719 1.0058
0.42729 0.75552
0.42739 0.80499
0.42749 0.80483
0.42759 0.76373
0.42769 0.76209
0.42779 0.83057
0.42789 0.68915
0.42799 0.83434
0.42809 0.70182
0.42819 0.69485
0.42829 0.74631
0.42839 0.8956
0.42849 0.78106
0.42859 0.68787
0.42869 0.85909
0.42879 0.7627
0.42889 0.65851
0.42899 0.94941
0.42909 0.76392
0.42919 0.84188
0.42929 0.7457
0.42939 0.97493
0.42949 0.75204
0.42959 0.78132
0.42969 0.78
0.42979 0.88286
0.42989 0.78012
0.42999 0.74581
0.43009 0.8892
0.43019 0.80156
0.43029 0.86698
0.43039 0.88857
0.43049 0.70418
0.43059 0.65254
0.43069 0.88144
0.43079 0.81594
0.43089 0.79689
0.43099 0.80802
0.43109 0.88232
0.43119 0.93163
0.43129 0.71848
0.43139 0.87742
0.43149 0.83714
0.43159 0.87483
0.43169 1.0039
0.43179 0.83319
0.43189 0.8191
0.43199 0.8552
0.43209 0.70929
0.43219 0.80164
0.43229 0.88474
0.43239 0.84601
0.43249 0.81417
0.43259 0.85238
0.43269 1.0204
0.43279 0.84307
0.43289 0.79624
0.43299 0.58783
0.43309 0.89741
0.43319 0.92552
0.43329 0.76064
0.43339 0.83001
0.43349 0.94924
0.43359 0.77936
0.43369 0.75751
0.43379 0.56961
0.43389 0.84559
0.43399 0.82121
0.43409 1.0184
0.43419 0.93925
0.43429 0.90436
0.43439 0.81213
0.43449 0.81728
0.43459 0.8563
0.43469 0.7849
0.43479 0.68978
0.43489 0.76273
0.43499 0.74656
0.43509 0.82318
0.43519 0.97101
0.43529 0.80721
0.43539 0.93674
0.43549 0.99741
0.43559 0.8032
0.43569 0.9934
0.43579 0.88761
0.43589 0.7498
0.43599 0.9067
0.43609 1.0012
0.43619 0.81235
0.43629 1.0121
0.43639 0.98359
0.43649 1.025
0.43659 0.78803
0.43669 0.84691
0.43679 0.9205
0.43689 0.91042
0.43699 0.89343
0.43709 0.84678
0.43719 0.68371
0.43729 0.68547
0.43739 0.93677
0.43749 0.91118
0.43759 0.86614
0.43769 0.92075
0.43779 0.94112
0.43789 0.92228
0.43799 0.77347
0.43809 0.904
0.43819 0.91049
0.43829 0.72898
0.43839 0.86446
0.43849 0.9323
0.43859 0.67794
0.43869 0.81445
0.43879 0.83178
0.43889 0.81755
0.43899 0.89827
0.43909 0.91674
0.43919 0.86948
0.43929 0.94704
0.43939 0.96871
0.43949 0.85767
0.43959 0.70166
0.43969 0.9864
0.43979 0.76595
0.43989 0.88332
0.43999 0.91222
0.44009 0.82547
0.44019 0.75102
0.44029 0.79431
0.44039 0.75983
0.44049 0.88048
0.44059 0.89646
0.44069 0.86383
0.44079 1.0159
0.44089 0.7114
0.44099 0.89542
0.44109 0.75339
0.44119 0.84764
0.44129 1.0285
0.44139 0.89323
0.44149 0.60175
0.44159 0.81974
0.44169 0.9186
0.44179 0.66133
0.44189 0.87629
0.44199 0.85485
0.44209 0.78911
0.44219 0.85998
0.44229 0.8607
0.44239 0.88029
0.44249 0.96564
0.44259 0.78466
0.44269 0.97987
0.44279 0.82446
0.44289 0.81015
0.44299 0.8557
0.44309 0.69917
0.44319 0.86331
0.44329 1.0804
0.44339 0.94791
0.44349 0.88758
0.44359 0.83616
0.44369 0.88737
0.44379 0.92835
0.44389 1.0212
0.44399 0.98615
0.44409 0.90628
0.44419 0.87266
0.44429 0.9092
0.44439 0.91981
0.44449 0.96386
0.44459 0.85546
0.44469 0.91309
0.44479 0.8514
0.44489 0.87291
0.44499 0.98747
0.44509 0.89013
0.44519 0.89512
0.44529 1.0305
0.44539 0.81235
0.44549 1.0276
0.44559 0.80266
0.44569 1.011
0.44579 0.97964
0.44589 0.88441
0.44599 0.78229
0.44609 1.0464
0.44619 0.92331
0.44629 0.79955
0.44639 0.86722
0.44649 0.90448
0.44659 0.96225
0.44669 0.90761
0.44679 0.95296
0.44689 1.0164
0.44699 0.89118
0.44709 0.85676
0.44719 0.88057
0.44729 0.83186
0.44739 0.91985
0.44749 0.90001
0.44759 0.95654
0.44769 0.83799
0.44779 0.85439
0.44789 0.91605
0.44799 0.82569
0.44809 1.0785
0.44819 1.0527
0.44829 0.83837
0.44839 0.84519
0.44849 0.99808
0.44859 0.85462
0.44869 0.89267
0.44879 1.0018
0.44889 1.0049
0.44899 0.88676
0.44909 0.76455
0.44919 0.96734
0.44929 0.83206
0.44939 0.88667
0.44949 0.79426
0.44959 0.90443
0.44969 0.93424
0.44979 0.87283
0.44989 1.0406
0.44999 0.95884
0.45009 0.81842
0.45019 0.84307
0.45029 0.98649
0.45039 0.96341
0.45049 0.86801
0.45059 0.74063
0.45069 0.91315
0.45079 0.9735
0.45089 0.9409
0.45099 0.82808
0.45109 1.0267
0.45119 0.94416
0.45129 0.93372
0.45139 0.90695
0.45149 0.87405
0.45159 0.97283
0.45169 0.92153
0.45179 1.0033
0.45189 0.97301
0.45199 0.85764
0.45209 0.88072
0.45219 0.85876
0.45229 0.83653
0.45239 0.99485
0.45249 0.94823
0.45259 0.82877
0.45269 0.79735
0.45279 0.85516
0.45289 1.0145
0.45299 0.81769
0.45309 0.86269
0.45319 1.0563
0.45329 0.8713
0.45339 0.84295
0.45349 0.97014
0.45359 0.95504
0.45369 0.9751
0.45379 0.85695
0.45389 0.99745
0.45399 0.97527
0.45409 0.91563
0.45419 0.86989
0.45429 0.80569
0.45439 1.0081
0.45449 1.0338
0.45459 0.90004
0.45469 0.98925
0.45479 0.88843
0.45489 0.80953
0.45499 0.90725
0.45509 0.84448
0.45519 0.79922
0.45529 0.85495
0.45539 0.71746
0.45549 0.80186
0.45559 1.0588
0.45569 0.70169
0.45579 0.83009
0.45589 0.90693
0.45599 0.87172
0.45609 0.98785
0.45619 1.0662
0.45629 0.85586
0.45639 0.8784
0.45649 1.0387
0.45659 1.0031
0.45669 0.98708
0.45679 1.0108
0.45689 0.83906
0.45699 1.0291
0.45709 0.8245
0.45719 0.74751
0.45729 1.0244
0.45739 0.81555
0.45749 0.86105
0.45759 0.87834
0.45769 0.86667
0.45779 0.96563
0.45789 0.89411
0.45799 1.1086
0.45809 1.0125
0.45819 0.9531
0.45829 0.91279
0.45839 1.0626
0.45849 0.93954
0.45859 1.0151
0.45869 0.86376
0.45879 0.94298
0.45889 1.0329
0.45899 0.94496
0.45909 0.77493
0.45919 1.032
0.45929 0.95306
0.45939 0.96885
0.45949 0.89126
0.45959 0.94096
0.45969 0.93681
0.45979 0.91611
0.45989 0.98367
0.45999 0.93192
0.46009 0.84036
0.46019 0.94715
0.46029 1.0221
0.46039 0.98609
0.46049 0.92553
0.46059 0.85209
0.46069 0.93591
0.46079 0.86974
0.46089 1.0464
0.46099 0.93619
0.46109 0.8734
0.46119 0.94936
0.46129 1.0384
0.46139 1.0161
0.46149 0.98048
0.46159 0.92278
0.46169 0.78854
0.46179 0.9944
0.46189 0.94478
0.46199 1.0163
0.46209 0.96407
0.46219 0.92022
0.46229 0.95831
0.46239 0.90824
0.46249 0.75456
0.46259 1.032
0.46269 0.95569
0.46279 0.79315
0.46289 0.95129
0.46299 0.91477
0.46309 0.86507
0.46319 0.86556
0.46329 0.91012
0.46339 0.92417
0.46349 0.96558
0.46359 0.88836
0.46369 0.93263
0.46379 1.1206
0.46389 0.86242
0.46399 0.98349
0.46409 0.86978
0.46419 0.84876
0.46429 0.9228
0.46439 0.90289
0.46449 0.99968
0.46459 0.90432
0.46469 0.86364
0.46479 1.0999
0.46489 1.0424
0.46499 0.97241
0.46509 0.88636
0.46519 0.87408
0.46529 1.0463
0.46539 1.0134
0.46549 0.8904
0.46559 0.84489
0.46569 1.0289
0.46579 1.1399
0.46589 0.92597
0.46599 1.016
0.46609 1.0212
0.46619 1.0858
0.46629 0.9267
0.46639 0.9284
0.46649 1.0137
0.46659 0.98042
0.46669 1.0241
0.46679 1.0107
0.46689 1.0165
0.46699 1.0484
0.46709 1.0715
0.46719 0.98548
0.46729 0.95967
0.46739 1.1112
0.46749 0.96045
0.46759 0.95198
0.46769 0.97765
0.46779 0.91637
0.46789 0.91226
0.46799 1.0811
0.46809 1.1097
0.46819 0.94968
0.46829 1.1024
0.46839 1.149
0.46849 0.91665
0.46859 1.0495
0.46869 0.99002
0.46879 0.97203
0.46889 0.83865
0.46899 0.86494
0.46909 0.95748
0.46919 0.94681
0.46929 1.0011
0.46939 1.0071
0.46949 0.91669
0.46959 0.7037
0.46969 1.0052
0.46979 1.138
0.46989 1.009
0.46999 1.016
0.47009 1.1094
0.47019 0.85916
0.47029 1
0.47039 0.93176
0.47049 1.0535
0.47059 1.0513
0.47069 0.84328
0.47079 1.0256
0.47089 0.87166
0.47099 0.98994
0.47109 0.8504
0.47119 0.83164
0.47129 1.0298
0.47139 1.0024
0.47149 0.80193
0.47159 0.93506
0.47169 1.0556
0.47179 0.79326
0.47189 1.0233
0.47199 0.84706
0.47209 0.83506
0.47219 0.94801
0.47229 1.0168
0.47239 0.9217
0.47249 1.0831
0.47259 0.9853
0.47269 1.056
0.47279 0.85975
0.47289 1.0326
0.47299 1.0371
0.47309 0.88991
0.47319 1.0731
0.47329 0.9339
0.47339 0.91851
0.47349 0.79086
0.47359 1.0783
0.47369 0.99951
0.47379 1.0558
0.47389 0.94706
0.47399 0.82615
0.47409 0.88751
0.47419 0.94707
0.47429 0.93437
0.47439 0.96872
0.47449 0.87965
0.47459 0.86052
0.47469 0.96291
0.47479 0.89617
0.47489 0.77854
0.47499 0.9224
0.4751 1.125
0.4752 0.86095
0.4753 0.92822
0.4754 0.92798
0.4755 1.0238
0.4756 0.87985
0.4757 0.93653
0.4758 0.88396
0.4759 0.99538
0.476 1.1085
0.4761 1.0167
0.4762 0.99681
0.4763 0.82238
0.4764 1.071
0.4765 1.0572
0.4766 0.7688
0.4767 0.99769
0.4768 1.0195
0.4769 0.78847
0.477 1.0531
0.4771 1.0301
0.4772 0.98093
0.4773 1.0791
0.4774 1.0001
0.4775 0.97123
0.4776 1.0655
0.4777 1.0218
0.4778 0.86157
0.4779 0.9431
0.478 0.99342
0.4781 1.0888
0.4782 0.9535
0.4783 1.0143
0.4784 1.0128
0.4785 1.0142
0.4786 0.92219
0.4787 0.9183
0.4788 1.0208
0.4789 1.1904
0.479 0.98336
0.4791 1.0757
0.4792 0.89987
0.4793 0.91268
0.4794 1.0038
0.4795 0.92432
0.4796 0.9107
0.4797 0.95141
0.4798 0.91992
0.4799 1.0104
0.48 0.87702
0.4801 1.1174
0.4802 0.84282
0.4803 0.86897
0.4804 0.99673
0.4805 1.0295
0.4806 1.0323
0.4807 1.0505
0.4808 1.0974
0.4809 1.0471
0.481 0.96241
0.4811 1.0532
0.4812 1.0657
0.4813 0.88967
0.4814 0.90893
0.4815 0.94635
0.4816 1.1945
0.4817 0.81675
0.4818 0.86058
0.4819 0.97274
0.482 1.0103
0.4821 1.0668
0.4822 1.0385
0.4823 0.99476
0.4824 0.95918
0.4825 1.0638
0.4826 1.0258
0.4827 1.0326
0.4828 1.1192
0.4829 0.94033
0.483 0.92493
0.4831 0.85774
0.4832 0.88575
0.4833 0.92151
0.4834 0.9868
0.4835 0.93422
0.4836 1.0158
0.4837 1.1184
0.4838 1.0202
0.4839 0.80815
0.484 1.038
0.4841 0.98504
0.4842 0.88575
0.4843 0.99176
0.4844 0.94221
0.4845 0.93758
0.4846 0.91006
0.4847 1.0953
0.4848 0.95868
0.4849 0.99818
0.485 1.1513
0.4851 1.0592
0.4852 1.0824
0.4853 0.78267
0.4854 0.88352
0.4855 1.0175
0.4856 0.84157
0.4857 0.94195
0.4858 1.0478
0.4859 1.2747
0.486 1.1493
0.4861 0.7964
0.4862 1.0866
0.4863 1.0734
0.4864 1.0332
0.4865 1.1612
0.4866 0.84679
0.4867 1.0758
0.4868 0.94035
0.4869 0.95467
0.487 0.98494
0.4871 0.9625
0.4872 0.91935
0.4873 1.0494
0.4874 0.98041
0.4875 0.99537
0.4876 1.1424
0.4877 1.0168
0.4878 0.97196
0.4879 0.86169
0.488 0.89121
0.4881 0.77482
0.4882 0.92956
0.4883 1.0933
0.4884 0.89617
0.4885 0.94796
0.4886 0.88002
0.4887 0.88261
0.4888 1.1612
0.4889 0.98812
0.489 1.0915
0.4891 1.0233
0.4892 1.0561
0.4893 1.035
0.4894 0.91015
0.4895 1.1036
0.4896 0.99702
0.4897 0.97409
0.4898 1.2129
0.4899 0.94783
0.49 0.8788
0.4901 0.95075
0.4902 0.99178
0.4903 0.93028
0.4904 0.91705
0.4905 0.90553
0.4906 0.89283
0.4907 0.92949
0.4908 0.94863
0.4909 0.95939
0.491 0.90967
0.4911 1.1578
0.4912 1.0795
0.4913 1.0037
0.4914 1.0109
0.4915 0.79318
0.4916 0.99505
0.4917 1.1406
0.4918 0.90699
0.4919 1.0337
0.492 1.0102
0.4921 1.0029
0.4922 0.93544
0.4923 1.0568
0.4924 1.0267
0.4925 0.99037
0.4926 1.0281
0.4927 1.0244
0.4928 0.95154
0.4929 1.1226
0.493 0.95925
0.4931 0.84241
0.4932 0.92829
0.4933 1.0459
0.4934 0.96536
0.4935 1.036
0.4936 1.002
0.4937 1.0883
0.4938 0.99476
0.4939 0.97281
0.494 1.107
0.4941 0.82542
0.4942 0.94705
0.4943 1.0148
0.4944 0.7994
0.4945 1.0533
0.4946 0.93393
0.4947 1.0044
0.4948 0.90963
0.4949 0.94539
0.495 0.91933
0.4951 1.0668
0.4952 1.047
0.4953 1.0465
0.4954 0.98342
0.4955 1.1925
0.4956 0.86085
0.4957 1.0377
0.4958 1.1261
0.4959 1.036
0.496 1.1211
0.4961 1.0088
0.4962 0.97061
0.4963 0.89094
0.4964 1.0868
0.4965 0.95099
0.4966 1.141
0.4967 1.0014
0.4968 0.94194
0.4969 0.9968
0.497 1.036
0.4971 0.72379
0.4972 1.1345
0.4973 1.0782
0.4974 1.1076
0.4975 1.0831
0.4976 0.97978
0.4977 1.0154
0.4978 0.88074
0.4979 0.95785
0.498 1.0171
0.4981 0.95788
0.4982 0.90308
0.4983 1.0067
0.4984 0.85007
0.4985 0.96893
0.4986 0.97453
0.4987 0.93406
0.4988 1.1051
0.4989 0.99788
0.499 1.0656
0.4991 0.91252
0.4992 0.88013
0.4993 1.1499
0.4994 1.0732
0.4995 0.92571
0.4996 1.0221
0.4997 0.956
0.4998 0.95839
0.4999 0.84705
0.5 0.95946
